[38;2;35;40;92m[48;2;37;42;94m▀[38;2;35;40;92m[48;2;37;42;94m▀[38;2;35;40;92m[48;2;37;42;94m▀[38;2;35;40;92m[48;2;37;42;94m▀[38;2;35;40;92m[48;2;37;42;94m▀[38;2;35;40;92m[48;2;37;42;94m▀[38;2;35;40;92m[48;2;37;42;94m▀[38;2;35;40;92m[48;2;37;42;94m▀[38;2;35;40;92m[48;2;37;42;94m▀[38;2;35;40;92m[48;2;37;42;94m▀[38;2;35;40;92m[48;2;37;42;94m▀[38;2;35;40;92m[48;2;37;42;94m▀[38;2;35;40;92m[48;2;37;42;94m▀[38;2;35;40;92m[48;2;37;42;94m▀[38;2;35;40;92m[48;2;37;42;94m▀[38;2;35;40;92m[48;2;37;42;94m▀[38;2;35;40;92m[48;2;37;42;94m▀[38;2;35;40;92m[48;2;37;42;94m▀[38;2;35;40;92m[48;2;37;42;94m▀[38;2;35;40;92m[48;2;37;42;94m▀[38;2;35;40;92m[48;2;37;42;94m▀[38;2;35;40;92m[48;2;37;42;94m▀[38;2;35;40;92m[48;2;37;42;94m▀[38;2;35;40;92m[48;2;37;42;94m▀[38;2;35;40;92m[48;2;37;42;94m▀[38;2;35;40;92m[48;2;37;42;94m▀[38;2;35;40;92m[48;2;37;42;94m▀[38;2;35;40;92m[48;2;37;42;94m▀[38;2;35;40;92m[48;2;37;42;94m▀[38;2;35;40;92m[48;2;37;42;94m▀[38;2;35;40;92m[48;2;37;42;94m▀[38;2;35;40;92m[48;2;37;42;94m▀[38;2;35;40;92m[48;2;37;42;94m▀[38;2;35;40;92m[48;2;37;42;94m▀[38;2;35;40;92m[48;2;37;42;94m▀[38;2;35;40;92m[48;2;37;42;94m▀[38;2;35;40;92m[48;2;37;42;94m▀[38;2;35;40;92m[48;2;37;42;94m▀[38;2;35;40;92m[48;2;37;42;94m▀[38;2;35;40;92m[48;2;37;42;94m▀[38;2;35;40;92m[48;2;37;42;94m▀[38;2;35;40;92m[48;2;37;42;94m▀[38;2;35;40;92m[48;2;37;42;94m▀[38;2;35;40;92m[48;2;37;42;94m▀[38;2;35;40;92m[48;2;37;42;94m▀[38;2;35;40;92m[48;2;37;42;94m▀[38;2;35;40;92m[48;2;37;42;94m▀[38;2;35;40;92m[48;2;37;42;94m▀[38;2;35;40;92m[48;2;37;42;94m▀[38;2;35;40;92m[48;2;37;42;94m▀[38;2;35;40;92m[48;2;37;42;94m▀[38;2;35;40;92m[48;2;37;42;94m▀[38;2;35;40;92m[48;2;37;42;94m▀[38;2;35;40;92m[48;2;37;42;94m▀[38;2;35;40;92m[48;2;37;42;94m▀[38;2;35;40;92m[48;2;37;42;94m▀[38;2;35;40;92m[48;2;37;42;94m▀[38;2;35;40;92m[48;2;37;42;94m▀[38;2;35;40;92m[48;2;37;42;94m▀[38;2;35;40;92m[48;2;37;42;94m▀[38;2;35;40;92m[48;2;37;42;94m▀[38;2;35;40;92m[48;2;37;42;94m▀[38;2;35;40;92m[48;2;37;42;94m▀[38;2;35;40;92m[48;2;37;42;94m▀[38;2;35;40;92m[48;2;37;42;94m▀[38;2;35;40;92m[48;2;37;42;94m▀[38;2;35;40;92m[48;2;37;42;94m▀[38;2;35;40;92m[48;2;37;42;94m▀[38;2;35;40;92m[48;2;37;42;94m▀[38;2;35;40;92m[48;2;37;42;94m▀[38;2;35;40;92m[48;2;37;42;94m▀[38;2;35;40;92m[48;2;37;42;94m▀[38;2;35;40;92m[48;2;37;42;94m▀[38;2;35;40;92m[48;2;37;42;94m▀[38;2;35;40;92m[48;2;37;42;94m▀[38;2;35;40;92m[48;2;37;42;94m▀[38;2;35;40;92m[48;2;37;42;94m▀[38;2;35;40;92m[48;2;37;42;94m▀[38;2;35;40;92m[48;2;37;42;94m▀[38;2;35;40;92m[48;2;37;42;94m▀[0m
[38;2;43;44;97m[48;2;50;47;101m▀[38;2;43;44;97m[48;2;50;47;101m▀[38;2;43;44;97m[48;2;50;47;101m▀[38;2;43;44;97m[48;2;50;47;101m▀[38;2;43;44;97m[48;2;50;47;101m▀[38;2;43;44;97m[48;2;50;47;101m▀[38;2;43;44;97m[48;2;50;47;101m▀[38;2;43;44;97m[48;2;50;47;101m▀[38;2;43;44;97m[48;2;50;47;101m▀[38;2;43;44;97m[48;2;50;47;101m▀[38;2;43;44;97m[48;2;50;47;101m▀[38;2;43;44;97m[48;2;50;47;101m▀[38;2;43;44;97m[48;2;50;47;101m▀[38;2;43;44;97m[48;2;50;47;101m▀[38;2;43;44;97m[48;2;50;47;101m▀[38;2;43;44;97m[48;2;50;47;101m▀[38;2;43;44;97m[48;2;50;47;101m▀[38;2;43;44;97m[48;2;50;47;101m▀[38;2;43;44;97m[48;2;50;47;101m▀[38;2;43;44;97m[48;2;50;47;101m▀[38;2;43;44;97m[48;2;50;47;101m▀[38;2;43;44;97m[48;2;50;47;101m▀[38;2;43;44;97m[48;2;50;47;101m▀[38;2;43;44;97m[48;2;50;47;101m▀[38;2;43;44;97m[48;2;50;47;101m▀[38;2;43;44;97m[48;2;50;47;101m▀[38;2;43;44;97m[48;2;50;47;101m▀[38;2;43;44;97m[48;2;50;47;101m▀[38;2;43;44;97m[48;2;50;47;101m▀[38;2;43;44;97m[48;2;50;47;101m▀[38;2;43;44;97m[48;2;50;47;101m▀[38;2;43;44;97m[48;2;50;47;101m▀[38;2;43;44;97m[48;2;50;47;101m▀[38;2;43;44;97m[48;2;50;47;101m▀[38;2;43;44;97m[48;2;50;47;101m▀[38;2;43;44;97m[48;2;50;47;101m▀[38;2;43;44;97m[48;2;50;47;101m▀[38;2;43;44;97m[48;2;50;47;101m▀[38;2;43;44;97m[48;2;50;47;101m▀[38;2;43;44;97m[48;2;50;47;101m▀[38;2;43;44;97m[48;2;50;47;101m▀[38;2;43;44;97m[48;2;50;47;101m▀[38;2;43;44;97m[48;2;50;47;101m▀[38;2;43;44;97m[48;2;50;47;101m▀[38;2;43;44;97m[48;2;50;47;101m▀[38;2;43;44;97m[48;2;50;47;101m▀[38;2;43;44;97m[48;2;50;47;101m▀[38;2;43;44;97m[48;2;50;47;101m▀[38;2;43;44;97m[48;2;50;47;101m▀[38;2;43;44;97m[48;2;50;47;101m▀[38;2;43;44;97m[48;2;50;47;101m▀[38;2;43;44;97m[48;2;50;47;101m▀[38;2;43;44;97m[48;2;50;47;101m▀[38;2;43;44;97m[48;2;50;47;101m▀[38;2;43;44;97m[48;2;50;47;101m▀[38;2;43;44;97m[48;2;50;47;101m▀[38;2;43;44;97m[48;2;50;47;101m▀[38;2;43;44;97m[48;2;50;47;101m▀[38;2;43;44;97m[48;2;50;47;101m▀[38;2;43;44;97m[48;2;50;47;101m▀[38;2;43;44;97m[48;2;50;47;101m▀[38;2;43;44;97m[48;2;50;47;101m▀[38;2;43;44;97m[48;2;50;47;101m▀[38;2;43;44;97m[48;2;50;47;101m▀[38;2;43;44;97m[48;2;50;47;101m▀[38;2;43;44;97m[48;2;50;47;101m▀[38;2;43;44;97m[48;2;50;47;101m▀[38;2;43;44;97m[48;2;50;47;101m▀[38;2;43;44;97m[48;2;50;47;101m▀[38;2;43;44;97m[48;2;50;47;101m▀[38;2;43;44;97m[48;2;50;47;101m▀[38;2;43;44;97m[48;2;50;47;101m▀[38;2;43;44;97m[48;2;50;47;101m▀[38;2;43;44;97m[48;2;50;47;101m▀[38;2;43;44;97m[48;2;50;47;101m▀[38;2;43;44;97m[48;2;50;47;101m▀[38;2;43;44;97m[48;2;50;47;101m▀[38;2;43;44;97m[48;2;50;47;101m▀[38;2;43;44;97m[48;2;50;47;101m▀[38;2;43;44;97m[48;2;50;47;101m▀[0m
[38;2;59;51;106m[48;2;69;55;112m▀[38;2;59;51;106m[48;2;69;55;112m▀[38;2;59;51;106m[48;2;69;55;112m▀[38;2;59;51;106m[48;2;69;55;112m▀[38;2;59;51;106m[48;2;69;55;112m▀[38;2;59;51;106m[48;2;69;55;112m▀[38;2;59;51;106m[48;2;69;55;112m▀[38;2;59;51;106m[48;2;69;55;112m▀[38;2;59;51;106m[48;2;69;55;112m▀[38;2;59;51;106m[48;2;69;55;112m▀[38;2;59;51;106m[48;2;69;55;112m▀[38;2;59;51;106m[48;2;69;55;112m▀[38;2;59;51;106m[48;2;69;55;112m▀[38;2;59;51;106m[48;2;69;55;112m▀[38;2;59;51;106m[48;2;69;55;112m▀[38;2;59;51;106m[48;2;69;55;112m▀[38;2;59;51;106m[48;2;69;55;112m▀[38;2;59;51;106m[48;2;69;55;112m▀[38;2;59;51;106m[48;2;69;55;112m▀[38;2;59;51;106m[48;2;69;55;112m▀[38;2;59;51;106m[48;2;69;55;112m▀[38;2;59;51;106m[48;2;69;55;112m▀[38;2;59;51;106m[48;2;69;55;112m▀[38;2;59;51;106m[48;2;69;55;112m▀[38;2;59;51;106m[48;2;69;55;112m▀[38;2;59;51;106m[48;2;69;55;112m▀[38;2;59;51;106m[48;2;69;55;112m▀[38;2;59;51;106m[48;2;69;55;112m▀[38;2;59;51;106m[48;2;69;55;112m▀[38;2;59;51;106m[48;2;69;55;112m▀[38;2;59;51;106m[48;2;69;55;112m▀[38;2;59;51;106m[48;2;69;55;112m▀[38;2;59;51;106m[48;2;69;55;112m▀[38;2;59;51;106m[48;2;69;55;112m▀[38;2;59;51;106m[48;2;69;55;112m▀[38;2;59;51;106m[48;2;69;55;112m▀[38;2;59;51;106m[48;2;69;55;112m▀[38;2;59;51;106m[48;2;69;55;112m▀[38;2;59;51;106m[48;2;69;55;112m▀[38;2;59;51;106m[48;2;69;55;112m▀[38;2;59;51;106m[48;2;69;55;112m▀[38;2;59;51;106m[48;2;69;55;112m▀[38;2;59;51;106m[48;2;69;55;112m▀[38;2;59;51;106m[48;2;69;55;112m▀[38;2;59;51;106m[48;2;69;55;112m▀[38;2;59;51;106m[48;2;69;55;112m▀[38;2;59;51;106m[48;2;69;55;112m▀[38;2;59;51;106m[48;2;69;55;112m▀[38;2;59;51;106m[48;2;69;55;112m▀[38;2;59;51;106m[48;2;69;55;112m▀[38;2;59;51;106m[48;2;69;55;112m▀[38;2;59;51;106m[48;2;69;55;112m▀[38;2;59;51;106m[48;2;69;55;112m▀[38;2;59;51;106m[48;2;69;55;112m▀[38;2;59;51;106m[48;2;69;55;112m▀[38;2;59;51;106m[48;2;69;55;112m▀[38;2;59;51;106m[48;2;69;55;112m▀[38;2;59;51;106m[48;2;69;55;112m▀[38;2;59;51;106m[48;2;69;55;112m▀[38;2;59;51;106m[48;2;69;55;112m▀[38;2;59;51;106m[48;2;69;55;112m▀[38;2;59;51;106m[48;2;69;55;112m▀[38;2;59;51;106m[48;2;69;55;112m▀[38;2;59;51;106m[48;2;69;55;112m▀[38;2;59;51;106m[48;2;69;55;112m▀[38;2;59;51;106m[48;2;69;55;112m▀[38;2;59;51;106m[48;2;69;55;112m▀[38;2;59;51;106m[48;2;69;55;112m▀[38;2;59;51;106m[48;2;69;55;112m▀[38;2;59;51;106m[48;2;69;55;112m▀[38;2;59;51;106m[48;2;69;55;112m▀[38;2;59;51;106m[48;2;69;55;112m▀[38;2;59;51;106m[48;2;69;55;112m▀[38;2;59;51;106m[48;2;69;55;112m▀[38;2;59;51;106m[48;2;69;55;112m▀[38;2;59;51;106m[48;2;69;55;112m▀[38;2;59;51;106m[48;2;69;55;112m▀[38;2;59;51;106m[48;2;69;55;112m▀[38;2;59;51;106m[48;2;69;55;112m▀[38;2;59;51;106m[48;2;69;55;112m▀[0m
[38;2;79;60;117m[48;2;89;64;123m▀[38;2;79;60;117m[48;2;89;64;123m▀[38;2;79;60;117m[48;2;89;64;123m▀[38;2;79;60;117m[48;2;89;64;123m▀[38;2;79;60;117m[48;2;89;64;123m▀[38;2;79;60;117m[48;2;89;64;123m▀[38;2;79;60;117m[48;2;89;64;123m▀[38;2;79;60;117m[48;2;89;64;123m▀[38;2;79;60;117m[48;2;89;64;123m▀[38;2;79;60;117m[48;2;89;64;123m▀[38;2;79;60;117m[48;2;89;64;123m▀[38;2;79;60;117m[48;2;89;64;123m▀[38;2;79;60;117m[48;2;89;64;123m▀[38;2;79;60;117m[48;2;89;64;123m▀[38;2;79;60;117m[48;2;89;64;123m▀[38;2;79;60;117m[48;2;89;64;123m▀[38;2;79;60;117m[48;2;89;64;123m▀[38;2;79;60;117m[48;2;89;64;123m▀[38;2;79;60;117m[48;2;89;64;123m▀[38;2;79;60;117m[48;2;89;64;123m▀[38;2;79;60;117m[48;2;89;64;123m▀[38;2;79;60;117m[48;2;89;64;123m▀[38;2;79;60;117m[48;2;89;64;123m▀[38;2;79;60;117m[48;2;89;64;123m▀[38;2;79;60;117m[48;2;89;64;123m▀[38;2;79;60;117m[48;2;89;64;123m▀[38;2;79;60;117m[48;2;89;64;123m▀[38;2;79;60;117m[48;2;89;64;123m▀[38;2;79;60;117m[48;2;89;64;123m▀[38;2;79;60;117m[48;2;89;64;123m▀[38;2;79;60;117m[48;2;89;64;123m▀[38;2;79;60;117m[48;2;89;64;123m▀[38;2;79;60;117m[48;2;89;64;123m▀[38;2;79;60;117m[48;2;89;64;123m▀[38;2;79;60;117m[48;2;89;64;123m▀[38;2;79;60;117m[48;2;89;64;123m▀[38;2;79;60;117m[48;2;89;64;123m▀[38;2;79;60;117m[48;2;89;64;123m▀[38;2;79;60;117m[48;2;89;64;123m▀[38;2;79;60;117m[48;2;89;64;123m▀[38;2;79;60;117m[48;2;89;64;123m▀[38;2;79;60;117m[48;2;89;64;123m▀[38;2;79;60;117m[48;2;89;64;123m▀[38;2;79;60;117m[48;2;89;64;123m▀[38;2;79;60;117m[48;2;89;64;123m▀[38;2;79;60;117m[48;2;89;64;123m▀[38;2;79;60;117m[48;2;89;64;123m▀[38;2;79;60;117m[48;2;89;64;123m▀[38;2;79;60;117m[48;2;89;64;123m▀[38;2;79;60;117m[48;2;89;64;123m▀[38;2;79;60;117m[48;2;89;64;123m▀[38;2;79;60;117m[48;2;89;64;123m▀[38;2;79;60;117m[48;2;89;64;123m▀[38;2;79;60;117m[48;2;89;64;123m▀[38;2;79;60;117m[48;2;89;64;123m▀[38;2;79;60;117m[48;2;89;64;123m▀[38;2;79;60;117m[48;2;89;64;123m▀[38;2;79;60;117m[48;2;89;64;123m▀[38;2;79;60;117m[48;2;89;64;123m▀[38;2;79;60;117m[48;2;89;64;123m▀[38;2;79;60;117m[48;2;89;64;123m▀[38;2;79;60;117m[48;2;89;64;123m▀[38;2;79;60;117m[48;2;89;64;123m▀[38;2;79;60;117m[48;2;89;64;123m▀[38;2;79;60;117m[48;2;89;64;123m▀[38;2;79;60;117m[48;2;89;64;123m▀[38;2;79;60;117m[48;2;89;64;123m▀[38;2;79;60;117m[48;2;89;64;123m▀[38;2;79;60;117m[48;2;89;64;123m▀[38;2;79;60;117m[48;2;89;64;123m▀[38;2;79;60;117m[48;2;89;64;123m▀[38;2;79;60;117m[48;2;89;64;123m▀[38;2;79;60;117m[48;2;89;64;123m▀[38;2;79;60;117m[48;2;89;64;123m▀[38;2;79;60;117m[48;2;89;64;123m▀[38;2;79;60;117m[48;2;89;64;123m▀[38;2;79;60;117m[48;2;89;64;123m▀[38;2;79;60;117m[48;2;89;64;123m▀[38;2;79;60;117m[48;2;89;64;123m▀[38;2;79;60;117m[48;2;89;64;123m▀[0m
[38;2;99;69;128m[48;2;107;72;133m▀[38;2;99;69;128m[48;2;107;72;133m▀[38;2;99;69;128m[48;2;107;72;133m▀[38;2;99;69;128m[48;2;107;72;133m▀[38;2;99;69;128m[48;2;107;72;133m▀[38;2;99;69;128m[48;2;107;72;133m▀[38;2;99;69;128m[48;2;107;72;133m▀[38;2;99;69;128m[48;2;107;72;133m▀[38;2;99;69;128m[48;2;107;72;133m▀[38;2;99;69;128m[48;2;107;72;133m▀[38;2;99;69;128m[48;2;107;72;133m▀[38;2;99;69;128m[48;2;107;72;133m▀[38;2;99;69;128m[48;2;107;72;133m▀[38;2;99;69;128m[48;2;107;72;133m▀[38;2;99;69;128m[48;2;107;72;133m▀[38;2;99;69;128m[48;2;107;72;133m▀[38;2;99;69;128m[48;2;107;72;133m▀[38;2;99;69;128m[48;2;107;72;133m▀[38;2;99;69;128m[48;2;107;72;133m▀[38;2;99;69;128m[48;2;107;72;133m▀[38;2;99;69;128m[48;2;107;72;133m▀[38;2;99;69;128m[48;2;107;72;133m▀[38;2;99;69;128m[48;2;107;72;133m▀[38;2;99;69;128m[48;2;107;72;133m▀[38;2;99;69;128m[48;2;107;72;133m▀[38;2;99;69;128m[48;2;107;72;133m▀[38;2;99;69;128m[48;2;107;72;133m▀[38;2;99;69;128m[48;2;107;72;133m▀[38;2;99;69;128m[48;2;107;72;133m▀[38;2;99;69;128m[48;2;107;72;133m▀[38;2;99;69;128m[48;2;107;72;133m▀[38;2;99;69;128m[48;2;107;72;133m▀[38;2;99;69;128m[48;2;107;72;133m▀[38;2;99;69;128m[48;2;107;72;133m▀[38;2;99;69;128m[48;2;107;72;133m▀[38;2;99;69;128m[48;2;107;72;133m▀[38;2;99;69;128m[48;2;107;72;133m▀[38;2;99;69;128m[48;2;107;72;133m▀[38;2;99;69;128m[48;2;107;72;133m▀[38;2;99;69;128m[48;2;107;72;133m▀[38;2;99;69;128m[48;2;107;72;133m▀[38;2;99;69;128m[48;2;107;72;133m▀[38;2;99;69;128m[48;2;107;72;133m▀[38;2;99;69;128m[48;2;107;72;133m▀[38;2;99;69;128m[48;2;107;72;133m▀[38;2;99;69;128m[48;2;107;72;133m▀[38;2;99;69;128m[48;2;107;72;133m▀[38;2;99;69;128m[48;2;107;72;133m▀[38;2;99;69;128m[48;2;107;72;133m▀[38;2;99;69;128m[48;2;107;72;133m▀[38;2;99;69;128m[48;2;107;72;133m▀[38;2;99;69;128m[48;2;107;72;133m▀[38;2;99;69;128m[48;2;107;72;133m▀[38;2;99;69;128m[48;2;107;72;133m▀[38;2;99;69;128m[48;2;107;72;133m▀[38;2;99;69;128m[48;2;107;72;133m▀[38;2;99;69;128m[48;2;107;72;133m▀[38;2;99;69;128m[48;2;107;72;133m▀[38;2;99;69;128m[48;2;107;72;133m▀[38;2;99;69;128m[48;2;107;72;133m▀[38;2;99;69;128m[48;2;107;72;133m▀[38;2;99;69;128m[48;2;107;72;133m▀[38;2;99;69;128m[48;2;107;72;133m▀[38;2;99;69;128m[48;2;107;72;133m▀[38;2;99;69;128m[48;2;107;72;133m▀[38;2;99;69;128m[48;2;107;72;133m▀[38;2;99;69;128m[48;2;107;72;133m▀[38;2;99;69;128m[48;2;107;72;133m▀[38;2;99;69;128m[48;2;107;72;133m▀[38;2;99;69;128m[48;2;107;72;133m▀[38;2;99;69;128m[48;2;107;72;133m▀[38;2;99;69;128m[48;2;107;72;133m▀[38;2;99;69;128m[48;2;107;72;133m▀[38;2;99;69;128m[48;2;107;72;133m▀[38;2;99;69;128m[48;2;107;72;133m▀[38;2;99;69;128m[48;2;107;72;133m▀[38;2;99;69;128m[48;2;107;72;133m▀[38;2;99;69;128m[48;2;107;72;133m▀[38;2;99;69;128m[48;2;107;72;133m▀[38;2;99;69;128m[48;2;107;72;133m▀[0m
[38;2;114;75;136m[48;2;118;77;139m▀[38;2;114;75;136m[48;2;118;77;139m▀[38;2;114;75;136m[48;2;118;77;139m▀[38;2;114;75;136m[48;2;118;77;139m▀[38;2;114;75;136m[48;2;118;77;139m▀[38;2;114;75;136m[48;2;118;77;139m▀[38;2;114;75;136m[48;2;118;77;139m▀[38;2;114;75;136m[48;2;118;77;139m▀[38;2;114;75;136m[48;2;118;77;139m▀[38;2;114;75;136m[48;2;118;77;139m▀[38;2;114;75;136m[48;2;118;77;139m▀[38;2;114;75;136m[48;2;118;77;139m▀[38;2;114;75;136m[48;2;118;77;139m▀[38;2;114;75;136m[48;2;118;77;139m▀[38;2;114;75;136m[48;2;118;77;139m▀[38;2;114;75;136m[48;2;118;77;139m▀[38;2;114;75;136m[48;2;118;77;139m▀[38;2;114;75;136m[48;2;118;77;139m▀[38;2;114;75;136m[48;2;118;77;139m▀[38;2;114;75;136m[48;2;118;77;139m▀[38;2;114;75;136m[48;2;118;77;139m▀[38;2;114;75;136m[48;2;118;77;139m▀[38;2;114;75;136m[48;2;118;77;139m▀[38;2;114;75;136m[48;2;118;77;139m▀[38;2;114;75;136m[48;2;118;77;139m▀[38;2;114;75;136m[48;2;118;77;139m▀[38;2;114;75;136m[48;2;118;77;139m▀[38;2;114;75;136m[48;2;118;77;139m▀[38;2;114;75;136m[48;2;118;77;139m▀[38;2;114;75;136m[48;2;118;77;139m▀[38;2;114;75;136m[48;2;118;77;139m▀[38;2;114;75;136m[48;2;118;77;139m▀[38;2;114;75;136m[48;2;118;77;139m▀[38;2;114;75;136m[48;2;118;77;139m▀[38;2;114;75;136m[48;2;118;77;139m▀[38;2;114;75;136m[48;2;118;77;139m▀[38;2;114;75;136m[48;2;118;77;139m▀[38;2;114;75;136m[48;2;118;77;139m▀[38;2;114;75;136m[48;2;118;77;139m▀[38;2;114;75;136m[48;2;118;77;139m▀[38;2;114;75;136m[48;2;118;77;139m▀[38;2;114;75;136m[48;2;118;77;139m▀[38;2;114;75;136m[48;2;118;77;139m▀[38;2;114;75;136m[48;2;118;77;139m▀[38;2;114;75;136m[48;2;118;77;139m▀[38;2;114;75;136m[48;2;118;77;139m▀[38;2;114;75;136m[48;2;118;77;139m▀[38;2;114;75;136m[48;2;118;77;139m▀[38;2;114;75;136m[48;2;118;77;139m▀[38;2;114;75;136m[48;2;118;77;139m▀[38;2;114;75;136m[48;2;118;77;139m▀[38;2;114;75;136m[48;2;118;77;139m▀[38;2;114;75;136m[48;2;118;77;139m▀[38;2;114;75;136m[48;2;118;77;139m▀[38;2;114;75;136m[48;2;118;77;139m▀[38;2;114;75;136m[48;2;118;77;139m▀[38;2;114;75;136m[48;2;118;77;139m▀[38;2;114;75;136m[48;2;118;77;139m▀[38;2;114;75;136m[48;2;118;77;139m▀[38;2;114;75;136m[48;2;118;77;139m▀[38;2;114;75;136m[48;2;118;77;139m▀[38;2;114;75;136m[48;2;118;77;139m▀[38;2;114;75;136m[48;2;118;77;139m▀[38;2;114;75;136m[48;2;118;77;139m▀[38;2;114;75;136m[48;2;118;77;139m▀[38;2;114;75;136m[48;2;118;77;139m▀[38;2;114;75;136m[48;2;118;77;139m▀[38;2;114;75;136m[48;2;118;77;139m▀[38;2;114;75;136m[48;2;118;77;139m▀[38;2;114;75;136m[48;2;118;77;139m▀[38;2;114;75;136m[48;2;118;77;139m▀[38;2;114;75;136m[48;2;118;77;139m▀[38;2;114;75;136m[48;2;118;77;139m▀[38;2;114;75;136m[48;2;118;77;139m▀[38;2;114;75;136m[48;2;118;77;139m▀[38;2;114;75;136m[48;2;118;77;139m▀[38;2;114;75;136m[48;2;118;77;139m▀[38;2;114;75;136m[48;2;118;77;139m▀[38;2;114;75;136m[48;2;118;77;139m▀[38;2;114;75;136m[48;2;118;77;139m▀[0m
[38;2;120;78;140m[48;2;123;80;139m▀[38;2;120;78;140m[48;2;123;80;139m▀[38;2;120;78;140m[48;2;123;80;139m▀[38;2;120;78;140m[48;2;123;80;139m▀[38;2;120;78;140m[48;2;123;80;139m▀[38;2;120;78;140m[48;2;123;80;139m▀[38;2;120;78;140m[48;2;123;80;139m▀[38;2;120;78;140m[48;2;123;80;139m▀[38;2;120;78;140m[48;2;123;80;139m▀[38;2;120;78;140m[48;2;123;80;139m▀[38;2;120;78;140m[48;2;123;80;139m▀[38;2;120;78;140m[48;2;123;80;139m▀[38;2;120;78;140m[48;2;123;80;139m▀[38;2;120;78;140m[48;2;123;80;139m▀[38;2;120;78;140m[48;2;123;80;139m▀[38;2;120;78;140m[48;2;123;80;139m▀[38;2;120;78;140m[48;2;123;80;139m▀[38;2;120;78;140m[48;2;123;80;139m▀[38;2;120;78;140m[48;2;123;80;139m▀[38;2;120;78;140m[48;2;126;83;139m▀[38;2;120;78;140m[48;2;134;91;140m▀[38;2;122;80;140m[48;2;144;101;141m▀[38;2;125;83;140m[48;2;152;109;141m▀[38;2;127;85;140m[48;2;156;114;142m▀[38;2;127;85;140m[48;2;156;114;142m▀[38;2;125;83;140m[48;2;152;109;141m▀[38;2;122;80;140m[48;2;144;101;141m▀[38;2;120;78;140m[48;2;134;91;140m▀[38;2;120;78;140m[48;2;126;83;139m▀[38;2;120;78;140m[48;2;123;80;139m▀[38;2;120;78;140m[48;2;123;80;139m▀[38;2;120;78;140m[48;2;123;80;139m▀[38;2;120;78;140m[48;2;123;80;139m▀[38;2;120;78;140m[48;2;123;80;139m▀[38;2;120;78;140m[48;2;123;80;139m▀[38;2;120;78;140m[48;2;123;80;139m▀[38;2;120;78;140m[48;2;123;80;139m▀[38;2;120;78;140m[48;2;123;80;139m▀[38;2;120;78;140m[48;2;123;80;139m▀[38;2;120;78;140m[48;2;123;80;139m▀[38;2;120;78;140m[48;2;123;80;139m▀[38;2;120;78;140m[48;2;123;80;139m▀[38;2;120;78;140m[48;2;123;80;139m▀[38;2;120;78;140m[48;2;123;80;139m▀[38;2;120;78;140m[48;2;123;80;139m▀[38;2;120;78;140m[48;2;123;80;139m▀[38;2;120;78;140m[48;2;123;80;139m▀[38;2;120;78;140m[48;2;123;80;139m▀[38;2;120;78;140m[48;2;123;80;139m▀[38;2;120;78;140m[48;2;123;80;139m▀[38;2;120;78;140m[48;2;123;80;139m▀[38;2;120;78;140m[48;2;123;80;139m▀[38;2;120;78;140m[48;2;123;80;139m▀[38;2;120;78;140m[48;2;123;80;139m▀[38;2;120;78;140m[48;2;123;80;139m▀[38;2;120;78;140m[48;2;123;80;139m▀[38;2;120;78;140m[48;2;123;80;139m▀[38;2;120;78;140m[48;2;123;80;139m▀[38;2;120;78;140m[48;2;123;80;139m▀[38;2;120;78;140m[48;2;123;80;139m▀[38;2;120;78;140m[48;2;123;80;139m▀[38;2;120;78;140m[48;2;123;80;139m▀[38;2;120;78;140m[48;2;123;80;139m▀[38;2;120;78;140m[48;2;123;80;139m▀[38;2;120;78;140m[48;2;123;80;139m▀[38;2;120;78;140m[48;2;123;80;139m▀[38;2;120;78;140m[48;2;123;80;139m▀[38;2;120;78;140m[48;2;123;80;139m▀[38;2;120;78;140m[48;2;123;80;139m▀[38;2;120;78;140m[48;2;123;80;139m▀[38;2;120;78;140m[48;2;123;80;139m▀[38;2;120;78;140m[48;2;123;80;139m▀[38;2;120;78;140m[48;2;123;80;139m▀[38;2;120;78;140m[48;2;123;80;139m▀[38;2;120;78;140m[48;2;123;80;139m▀[38;2;120;78;140m[48;2;123;80;139m▀[38;2;120;78;140m[48;2;123;80;139m▀[38;2;120;78;140m[48;2;123;80;139m▀[38;2;120;78;140m[48;2;123;80;139m▀[38;2;120;78;140m[48;2;123;80;139m▀[0m
[38;2;132;85;136m[48;2;146;93;131m▀[38;2;132;85;136m[48;2;146;93;131m▀[38;2;132;85;136m[48;2;146;93;131m▀[38;2;132;85;136m[48;2;146;93;131m▀[38;2;132;85;136m[48;2;146;93;131m▀[38;2;132;85;136m[48;2;146;93;131m▀[38;2;132;85;136m[48;2;146;93;131m▀[38;2;132;85;136m[48;2;146;93;131m▀[38;2;132;85;136m[48;2;146;93;131m▀[38;2;132;85;136m[48;2;146;93;131m▀[38;2;132;85;136m[48;2;146;93;131m▀[38;2;132;85;136m[48;2;146;93;131m▀[38;2;132;85;136m[48;2;146;93;131m▀[38;2;132;85;136m[48;2;146;93;131m▀[38;2;132;85;136m[48;2;146;93;131m▀[38;2;132;85;136m[48;2;146;93;131m▀[38;2;132;85;136m[48;2;146;94;131m▀[38;2;132;86;136m[48;2;151;100;132m▀[38;2;138;92;136m[48;2;167;117;134m▀[38;2;152;106;138m[48;2;186;138;138m▀[38;2;168;123;140m[48;2;205;159;141m▀[38;2;182;138;142m[48;2;220;176;144m▀[38;2;193;149;143m[48;2;230;187;146m▀[38;2;199;155;144m[48;2;235;192;147m▀[38;2;199;155;144m[48;2;235;192;147m▀[38;2;193;149;143m[48;2;230;187;146m▀[38;2;182;138;142m[48;2;220;176;144m▀[38;2;168;123;140m[48;2;205;159;141m▀[38;2;152;106;138m[48;2;186;138;138m▀[38;2;138;92;136m[48;2;167;117;134m▀[38;2;132;86;136m[48;2;151;100;132m▀[38;2;132;85;136m[48;2;146;94;131m▀[38;2;132;85;136m[48;2;146;93;131m▀[38;2;132;85;136m[48;2;146;93;131m▀[38;2;132;85;136m[48;2;146;93;131m▀[38;2;132;85;136m[48;2;146;93;131m▀[38;2;132;85;136m[48;2;146;93;131m▀[38;2;132;85;136m[48;2;146;93;131m▀[38;2;132;85;136m[48;2;146;93;131m▀[38;2;132;85;136m[48;2;146;93;131m▀[38;2;132;85;136m[48;2;146;93;131m▀[38;2;132;85;136m[48;2;146;93;131m▀[38;2;132;85;136m[48;2;146;93;131m▀[38;2;132;85;136m[48;2;146;93;131m▀[38;2;132;85;136m[48;2;146;93;131m▀[38;2;132;85;136m[48;2;146;93;131m▀[38;2;132;85;136m[48;2;146;93;131m▀[38;2;132;85;136m[48;2;146;93;131m▀[38;2;132;85;136m[48;2;146;93;131m▀[38;2;132;85;136m[48;2;146;93;131m▀[38;2;132;85;136m[48;2;146;93;131m▀[38;2;132;85;136m[48;2;146;93;131m▀[38;2;132;85;136m[48;2;146;93;131m▀[38;2;132;85;136m[48;2;146;93;131m▀[38;2;132;85;136m[48;2;146;93;131m▀[38;2;132;85;136m[48;2;146;93;131m▀[38;2;132;85;136m[48;2;146;93;131m▀[38;2;132;85;136m[48;2;146;93;131m▀[38;2;132;85;136m[48;2;146;93;131m▀[38;2;132;85;136m[48;2;146;93;131m▀[38;2;132;85;136m[48;2;146;93;131m▀[38;2;132;85;136m[48;2;146;93;131m▀[38;2;132;85;136m[48;2;146;93;131m▀[38;2;132;85;136m[48;2;146;93;131m▀[38;2;132;85;136m[48;2;146;93;131m▀[38;2;132;85;136m[48;2;146;93;131m▀[38;2;132;85;136m[48;2;146;93;131m▀[38;2;132;85;136m[48;2;146;93;131m▀[38;2;132;85;136m[48;2;146;93;131m▀[38;2;132;85;136m[48;2;146;93;131m▀[38;2;132;85;136m[48;2;146;93;131m▀[38;2;132;85;136m[48;2;146;93;131m▀[38;2;132;85;136m[48;2;146;93;131m▀[38;2;132;85;136m[48;2;146;93;131m▀[38;2;132;85;136m[48;2;146;93;131m▀[38;2;132;85;136m[48;2;146;93;131m▀[38;2;132;85;136m[48;2;146;93;131m▀[38;2;132;85;136m[48;2;146;93;131m▀[38;2;132;85;136m[48;2;146;93;131m▀[38;2;132;85;136m[48;2;146;93;131m▀[0m
[38;2;162;103;124m[48;2;181;114;118m▀[38;2;162;103;124m[48;2;181;114;118m▀[38;2;162;103;124m[48;2;181;114;118m▀[38;2;162;103;124m[48;2;181;114;118m▀[38;2;162;103;124m[48;2;181;114;118m▀[38;2;162;103;124m[48;2;181;114;118m▀[38;2;162;103;124m[48;2;181;114;118m▀[38;2;162;103;124m[48;2;181;114;118m▀[38;2;162;103;124m[48;2;181;114;118m▀[38;2;162;103;124m[48;2;181;114;118m▀[38;2;162;103;124m[48;2;181;114;118m▀[38;2;162;103;124m[48;2;181;114;118m▀[38;2;162;103;124m[48;2;181;114;118m▀[38;2;162;103;124m[48;2;181;114;118m▀[38;2;162;103;124m[48;2;181;114;118m▀[38;2;162;103;124m[48;2;181;115;118m▀[38;2;165;107;125m[48;2;188;124;121m▀[38;2;178;122;129m[48;2;203;145;128m▀[38;2;197;145;134m[48;2;222;170;136m▀[38;2;218;170;140m[48;2;239;193;143m▀[38;2;234;190;145m[48;2;251;216;163m▀[38;2;246;207;154m[48;2;255;237;194m▀[38;2;252;223;173m[48;2;255;240;200m▀[38;2;254;230;184m[48;2;255;240;200m▀[38;2;254;230;184m[48;2;255;240;200m▀[38;2;252;223;173m[48;2;255;240;200m▀[38;2;246;207;154m[48;2;255;237;194m▀[38;2;234;190;145m[48;2;251;216;163m▀[38;2;218;170;140m[48;2;239;193;143m▀[38;2;197;145;134m[48;2;222;170;136m▀[38;2;178;122;129m[48;2;203;145;128m▀[38;2;165;107;125m[48;2;188;124;121m▀[38;2;162;103;124m[48;2;181;115;118m▀[38;2;162;103;124m[48;2;181;114;118m▀[38;2;162;103;124m[48;2;181;114;118m▀[38;2;162;103;124m[48;2;181;114;118m▀[38;2;162;103;124m[48;2;181;114;118m▀[38;2;162;103;124m[48;2;181;114;118m▀[38;2;162;103;124m[48;2;181;114;118m▀[38;2;162;103;124m[48;2;181;114;118m▀[38;2;162;103;124m[48;2;181;114;118m▀[38;2;162;103;124m[48;2;181;114;118m▀[38;2;162;103;124m[48;2;181;114;118m▀[38;2;162;103;124m[48;2;181;114;118m▀[38;2;162;103;124m[48;2;181;114;118m▀[38;2;162;103;124m[48;2;181;114;118m▀[38;2;162;103;124m[48;2;181;114;118m▀[38;2;162;103;124m[48;2;181;114;118m▀[38;2;162;103;124m[48;2;181;114;118m▀[38;2;162;103;124m[48;2;181;114;118m▀[38;2;162;103;124m[48;2;181;114;118m▀[38;2;162;103;124m[48;2;181;114;118m▀[38;2;162;103;124m[48;2;181;114;118m▀[38;2;162;103;124m[48;2;181;114;118m▀[38;2;162;103;124m[48;2;181;114;118m▀[38;2;162;103;124m[48;2;181;114;118m▀[38;2;162;103;124m[48;2;181;114;118m▀[38;2;162;103;124m[48;2;181;114;118m▀[38;2;162;103;124m[48;2;181;114;118m▀[38;2;162;103;124m[48;2;181;114;118m▀[38;2;162;103;124m[48;2;181;114;118m▀[38;2;162;103;124m[48;2;181;114;118m▀[38;2;162;103;124m[48;2;181;114;118m▀[38;2;162;103;124m[48;2;181;114;118m▀[38;2;162;103;124m[48;2;181;114;118m▀[38;2;162;103;124m[48;2;181;114;118m▀[38;2;162;103;124m[48;2;181;114;118m▀[38;2;162;103;124m[48;2;181;114;118m▀[38;2;162;103;124m[48;2;181;114;118m▀[38;2;162;103;124m[48;2;181;114;118m▀[38;2;162;103;124m[48;2;181;114;118m▀[38;2;162;103;124m[48;2;181;114;118m▀[38;2;162;103;124m[48;2;181;114;118m▀[38;2;162;103;124m[48;2;181;114;118m▀[38;2;162;103;124m[48;2;181;114;118m▀[38;2;162;103;124m[48;2;181;114;118m▀[38;2;162;103;124m[48;2;181;114;118m▀[38;2;162;103;124m[48;2;181;114;118m▀[38;2;162;103;124m[48;2;181;114;118m▀[38;2;162;103;124m[48;2;181;114;118m▀[0m
[38;2;199;126;111m[48;2;217;136;104m▀[38;2;199;126;111m[48;2;217;136;104m▀[38;2;199;126;111m[48;2;217;136;104m▀[38;2;199;126;111m[48;2;217;136;104m▀[38;2;199;126;111m[48;2;217;136;104m▀[38;2;199;126;111m[48;2;217;136;104m▀[38;2;199;126;111m[48;2;217;136;104m▀[38;2;199;126;111m[48;2;217;136;104m▀[38;2;199;126;111m[48;2;217;136;104m▀[38;2;199;126;111m[48;2;217;136;104m▀[38;2;199;126;111m[48;2;217;136;104m▀[38;2;199;126;111m[48;2;217;136;104m▀[38;2;199;126;111m[48;2;217;136;104m▀[38;2;199;126;111m[48;2;217;136;104m▀[38;2;199;126;111m[48;2;217;136;104m▀[38;2;201;128;112m[48;2;219;140;106m▀[38;2;209;141;118m[48;2;226;155;115m▀[38;2;223;164;128m[48;2;237;177;128m▀[38;2;238;188;138m[48;2;247;198;141m▀[38;2;250;211;155m[48;2;254;226;176m▀[38;2;255;237;195m[48;2;255;240;200m▀[38;2;255;240;200m[48;2;255;240;200m▀[38;2;255;240;200m[48;2;255;240;200m▀[38;2;255;240;200m[48;2;255;240;200m▀[38;2;255;240;200m[48;2;255;240;200m▀[38;2;255;240;200m[48;2;255;240;200m▀[38;2;255;240;200m[48;2;255;240;200m▀[38;2;255;237;195m[48;2;255;240;200m▀[38;2;250;211;155m[48;2;254;226;176m▀[38;2;238;188;138m[48;2;247;198;141m▀[38;2;223;164;128m[48;2;237;177;128m▀[38;2;209;141;118m[48;2;226;155;115m▀[38;2;201;128;112m[48;2;219;140;106m▀[38;2;199;126;111m[48;2;217;136;104m▀[38;2;199;126;111m[48;2;217;136;104m▀[38;2;199;126;111m[48;2;217;136;104m▀[38;2;199;126;111m[48;2;217;136;104m▀[38;2;199;126;111m[48;2;217;136;104m▀[38;2;199;126;111m[48;2;217;136;104m▀[38;2;199;126;111m[48;2;217;136;104m▀[38;2;199;126;111m[48;2;217;136;104m▀[38;2;199;126;111m[48;2;217;136;104m▀[38;2;199;126;111m[48;2;217;136;104m▀[38;2;199;126;111m[48;2;217;136;104m▀[38;2;199;126;111m[48;2;217;136;104m▀[38;2;199;126;111m[48;2;217;136;104m▀[38;2;199;126;111m[48;2;217;136;104m▀[38;2;199;126;111m[48;2;217;136;104m▀[38;2;199;126;111m[48;2;217;136;104m▀[38;2;199;126;111m[48;2;216;137;104m▀[38;2;199;126;111m[48;2;213;138;105m▀[38;2;199;126;111m[48;2;207;141;106m▀[38;2;199;126;111m[48;2;198;144;106m▀[38;2;199;126;111m[48;2;184;145;104m▀[38;2;199;126;111m[48;2;168;144;101m▀[38;2;199;126;111m[48;2;154;144;99m▀[38;2;199;126;111m[48;2;143;143;96m▀[38;2;199;126;111m[48;2;135;143;95m▀[38;2;199;126;111m[48;2;129;142;93m▀[38;2;199;126;111m[48;2;127;142;92m▀[38;2;199;126;111m[48;2;127;142;92m▀[38;2;199;126;111m[48;2;130;142;93m▀[38;2;199;126;111m[48;2;135;143;95m▀[38;2;199;126;111m[48;2;142;143;96m▀[38;2;199;126;111m[48;2;151;144;98m▀[38;2;199;126;111m[48;2;163;144;100m▀[38;2;199;126;111m[48;2;175;145;103m▀[38;2;199;126;111m[48;2;187;145;105m▀[38;2;199;126;111m[48;2;198;144;106m▀[38;2;199;126;111m[48;2;204;143;106m▀[38;2;199;126;111m[48;2;209;140;106m▀[38;2;199;126;111m[48;2;212;139;105m▀[38;2;199;126;111m[48;2;214;138;105m▀[38;2;199;126;111m[48;2;215;137;105m▀[38;2;199;126;111m[48;2;215;137;104m▀[38;2;199;126;111m[48;2;216;137;104m▀[38;2;199;126;111m[48;2;216;137;104m▀[38;2;199;126;111m[48;2;215;137;105m▀[38;2;199;126;111m[48;2;214;138;105m▀[38;2;199;126;111m[48;2;211;139;105m▀[0m
[38;2;232;145;99m[48;2;243;152;94m▀[38;2;232;145;99m[48;2;243;152;94m▀[38;2;232;145;99m[48;2;243;152;94m▀[38;2;232;145;99m[48;2;243;152;94m▀[38;2;232;145;99m[48;2;243;152;94m▀[38;2;232;145;99m[48;2;243;152;94m▀[38;2;232;145;99m[48;2;243;152;94m▀[38;2;232;145;99m[48;2;243;152;94m▀[38;2;232;145;99m[48;2;243;152;94m▀[38;2;232;145;99m[48;2;243;152;94m▀[38;2;232;145;99m[48;2;243;152;94m▀[38;2;232;145;99m[48;2;243;152;94m▀[38;2;232;145;99m[48;2;243;152;94m▀[38;2;232;145;99m[48;2;243;152;94m▀[38;2;232;145;99m[48;2;243;152;94m▀[38;2;234;150;102m[48;2;244;156;98m▀[38;2;239;165;113m[48;2;247;170;110m▀[38;2;245;185;128m[48;2;250;188;127m▀[38;2;251;204;143m[48;2;253;205;143m▀[38;2;255;234;188m[48;2;255;234;189m▀[38;2;255;240;200m[48;2;255;240;200m▀[38;2;255;240;200m[48;2;255;240;200m▀[38;2;255;240;200m[48;2;255;240;200m▀[38;2;255;240;200m[48;2;255;240;200m▀[38;2;255;240;200m[48;2;255;240;200m▀[38;2;255;240;200m[48;2;255;240;200m▀[38;2;255;240;200m[48;2;255;240;200m▀[38;2;255;240;200m[48;2;255;240;200m▀[38;2;255;234;188m[48;2;255;234;189m▀[38;2;251;204;143m[48;2;253;205;143m▀[38;2;245;185;128m[48;2;250;188;127m▀[38;2;239;165;113m[48;2;247;170;110m▀[38;2;234;150;102m[48;2;244;156;98m▀[38;2;232;145;99m[48;2;243;152;94m▀[38;2;232;145;99m[48;2;243;152;94m▀[38;2;232;145;99m[48;2;243;152;94m▀[38;2;232;145;99m[48;2;243;152;94m▀[38;2;232;145;99m[48;2;243;152;94m▀[38;2;232;145;99m[48;2;243;152;94m▀[38;2;232;145;99m[48;2;243;152;94m▀[38;2;232;145;99m[48;2;243;152;94m▀[38;2;232;145;99m[48;2;209;148;91m▀[38;2;232;145;99m[48;2;142;140;86m▀[38;2;231;146;99m[48;2;116;134;80m▀[38;2;227;147;100m[48;2;94;127;76m▀[38;2;220;149;101m[48;2;71;117;68m▀[38;2;204;150;100m[48;2;58;111;64m▀[38;2;178;147;97m[48;2;53;107;61m▀[38;2;150;144;92m[48;2;50;103;60m▀[38;2;124;140;87m[48;2;48;101;58m▀[38;2;101;135;81m[48;2;47;98;57m▀[38;2;82;128;75m[48;2;45;96;56m▀[38;2;68;122;70m[48;2;44;95;55m▀[38;2;62;118;67m[48;2;43;94;54m▀[38;2;60;116;66m[48;2;42;92;54m▀[38;2;58;114;65m[48;2;42;92;53m▀[38;2;57;113;64m[48;2;41;91;53m▀[38;2;57;112;64m[48;2;41;91;53m▀[38;2;56;111;64m[48;2;41;90;53m▀[38;2;56;111;63m[48;2;40;90;53m▀[38;2;56;111;63m[48;2;40;90;53m▀[38;2;56;111;64m[48;2;41;90;53m▀[38;2;57;112;64m[48;2;41;91;53m▀[38;2;57;112;64m[48;2;41;91;53m▀[38;2;58;114;65m[48;2;41;92;53m▀[38;2;59;115;66m[48;2;42;92;54m▀[38;2;61;117;67m[48;2;43;93;54m▀[38;2;63;119;68m[48;2;43;94;55m▀[38;2;67;121;70m[48;2;44;95;55m▀[38;2;75;125;73m[48;2;45;96;56m▀[38;2;85;130;77m[48;2;45;97;56m▀[38;2;95;133;80m[48;2;46;98;57m▀[38;2;103;135;82m[48;2;47;99;57m▀[38;2;111;137;84m[48;2;47;99;57m▀[38;2;116;138;85m[48;2;48;100;58m▀[38;2;118;139;86m[48;2;48;100;58m▀[38;2;117;139;86m[48;2;48;100;58m▀[38;2;112;138;85m[48;2;47;99;57m▀[38;2;104;136;82m[48;2;47;99;57m▀[38;2;94;132;79m[48;2;46;98;57m▀[0m
[38;2;246;155;95m[48;2;231;150;109m▀[38;2;246;155;95m[48;2;231;150;109m▀[38;2;246;155;95m[48;2;231;150;109m▀[38;2;246;155;95m[48;2;231;150;109m▀[38;2;246;155;95m[48;2;231;150;109m▀[38;2;246;155;95m[48;2;231;150;109m▀[38;2;246;155;95m[48;2;231;150;109m▀[38;2;246;155;95m[48;2;231;150;109m▀[38;2;246;155;95m[48;2;231;150;109m▀[38;2;246;155;95m[48;2;231;150;109m▀[38;2;246;155;95m[48;2;231;150;109m▀[38;2;246;155;95m[48;2;231;150;109m▀[38;2;246;155;95m[48;2;231;150;109m▀[38;2;246;155;95m[48;2;231;150;109m▀[38;2;246;155;95m[48;2;231;150;109m▀[38;2;247;157;98m[48;2;231;150;109m▀[38;2;248;167;108m[48;2;232;150;110m▀[38;2;249;181;122m[48;2;232;151;110m▀[38;2;250;195;135m[48;2;232;152;111m▀[38;2;251;217;170m[48;2;232;152;112m▀[38;2;252;227;187m[48;2;232;153;114m▀[38;2;253;232;190m[48;2;232;153;114m▀[38;2;253;232;190m[48;2;232;153;114m▀[38;2;253;232;190m[48;2;232;153;114m▀[38;2;253;232;190m[48;2;232;153;114m▀[38;2;253;232;190m[48;2;232;153;114m▀[38;2;252;228;187m[48;2;232;153;114m▀[38;2;251;226;186m[48;2;232;153;114m▀[38;2;251;217;170m[48;2;232;152;112m▀[38;2;250;195;135m[48;2;232;152;111m▀[38;2;249;181;122m[48;2;232;151;110m▀[38;2;248;167;108m[48;2;232;150;110m▀[38;2;247;157;98m[48;2;231;150;109m▀[38;2;246;155;95m[48;2;231;150;109m▀[38;2;246;155;95m[48;2;231;150;109m▀[38;2;246;155;95m[48;2;231;150;109m▀[38;2;246;155;95m[48;2;231;150;109m▀[38;2;246;155;95m[48;2;231;150;109m▀[38;2;246;155;95m[48;2;231;150;109m▀[38;2;246;155;95m[48;2;231;150;109m▀[38;2;246;155;95m[48;2;231;150;109m▀[38;2;176;132;80m[48;2;228;148;108m▀[38;2;69;96;58m[48;2;223;146;106m▀[38;2;68;94;57m[48;2;223;146;106m▀[38;2;67;93;56m[48;2;223;146;106m▀[38;2;66;92;56m[48;2;223;146;106m▀[38;2;66;91;55m[48;2;223;146;106m▀[38;2;65;90;55m[48;2;223;146;106m▀[38;2;64;89;54m[48;2;223;146;106m▀[38;2;64;89;54m[48;2;223;146;106m▀[38;2;64;88;54m[48;2;223;146;106m▀[38;2;63;88;54m[48;2;223;146;106m▀[38;2;63;87;53m[48;2;223;146;106m▀[38;2;63;87;53m[48;2;223;146;106m▀[38;2;63;87;53m[48;2;223;146;106m▀[38;2;62;87;53m[48;2;223;146;106m▀[38;2;62;86;53m[48;2;223;146;106m▀[38;2;62;86;53m[48;2;223;146;106m▀[38;2;62;86;53m[48;2;223;146;106m▀[38;2;62;86;53m[48;2;223;146;106m▀[38;2;62;86;53m[48;2;223;146;106m▀[38;2;62;86;53m[48;2;223;146;106m▀[38;2;62;86;53m[48;2;223;146;106m▀[38;2;62;86;53m[48;2;223;146;106m▀[38;2;62;87;53m[48;2;223;146;106m▀[38;2;63;87;53m[48;2;223;146;106m▀[38;2;63;87;53m[48;2;223;146;106m▀[38;2;63;87;53m[48;2;223;146;106m▀[38;2;63;87;53m[48;2;223;146;106m▀[38;2;63;88;53m[48;2;223;146;106m▀[38;2;63;88;54m[48;2;223;146;106m▀[38;2;64;88;54m[48;2;223;146;106m▀[38;2;64;88;54m[48;2;223;146;106m▀[38;2;64;88;54m[48;2;223;146;106m▀[38;2;64;89;54m[48;2;223;146;106m▀[38;2;64;89;54m[48;2;223;146;106m▀[38;2;64;89;54m[48;2;223;146;106m▀[38;2;64;88;54m[48;2;223;146;106m▀[38;2;64;88;54m[48;2;223;146;106m▀[38;2;64;88;54m[48;2;223;146;106m▀[0m
[38;2;225;147;110m[48;2;214;144;109m▀[38;2;225;147;110m[48;2;214;144;109m▀[38;2;225;147;110m[48;2;214;144;109m▀[38;2;225;147;110m[48;2;214;144;109m▀[38;2;225;147;110m[48;2;214;144;109m▀[38;2;225;147;110m[48;2;214;144;109m▀[38;2;225;147;110m[48;2;214;144;109m▀[38;2;225;147;110m[48;2;214;144;109m▀[38;2;225;147;110m[48;2;214;144;109m▀[38;2;225;147;110m[48;2;214;144;109m▀[38;2;225;147;110m[48;2;214;144;109m▀[38;2;225;147;110m[48;2;214;144;109m▀[38;2;225;147;110m[48;2;214;144;109m▀[38;2;225;147;110m[48;2;214;144;109m▀[38;2;225;147;110m[48;2;214;144;109m▀[38;2;225;147;110m[48;2;214;144;109m▀[38;2;225;147;110m[48;2;214;144;109m▀[38;2;225;147;110m[48;2;214;144;109m▀[38;2;225;147;110m[48;2;214;144;109m▀[38;2;225;147;110m[48;2;214;144;109m▀[38;2;225;147;110m[48;2;214;144;109m▀[38;2;226;151;112m[48;2;219;154;116m▀[38;2;231;162;120m[48;2;232;181;137m▀[38;2;231;162;121m[48;2;233;181;137m▀[38;2;231;162;121m[48;2;233;181;137m▀[38;2;231;162;121m[48;2;233;181;137m▀[38;2;231;162;121m[48;2;233;181;137m▀[38;2;229;159;118m[48;2;232;180;136m▀[38;2;225;148;110m[48;2;218;150;114m▀[38;2;225;147;110m[48;2;214;144;109m▀[38;2;225;147;110m[48;2;214;144;109m▀[38;2;225;147;110m[48;2;214;144;109m▀[38;2;225;147;110m[48;2;214;144;109m▀[38;2;225;147;110m[48;2;214;144;109m▀[38;2;225;147;110m[48;2;214;144;109m▀[38;2;225;147;110m[48;2;214;144;109m▀[38;2;225;147;110m[48;2;214;144;109m▀[38;2;225;147;110m[48;2;214;144;109m▀[38;2;225;147;110m[48;2;214;144;109m▀[38;2;225;147;110m[48;2;214;144;109m▀[38;2;225;147;110m[48;2;214;144;109m▀[38;2;225;147;110m[48;2;214;144;109m▀[38;2;225;147;110m[48;2;214;144;109m▀[38;2;225;147;110m[48;2;214;144;109m▀[38;2;225;147;110m[48;2;214;144;109m▀[38;2;225;147;110m[48;2;214;144;109m▀[38;2;225;147;110m[48;2;214;144;109m▀[38;2;225;147;110m[48;2;214;144;109m▀[38;2;225;147;110m[48;2;214;144;109m▀[38;2;225;147;110m[48;2;214;144;109m▀[38;2;225;147;110m[48;2;214;144;109m▀[38;2;225;147;110m[48;2;214;144;109m▀[38;2;225;147;110m[48;2;214;144;109m▀[38;2;225;147;110m[48;2;214;144;109m▀[38;2;225;147;110m[48;2;214;144;109m▀[38;2;225;147;110m[48;2;214;144;109m▀[38;2;225;147;110m[48;2;214;144;109m▀[38;2;225;147;110m[48;2;214;144;109m▀[38;2;225;147;110m[48;2;214;144;109m▀[38;2;225;147;110m[48;2;214;144;109m▀[38;2;225;147;110m[48;2;214;144;109m▀[38;2;225;147;110m[48;2;214;144;109m▀[38;2;225;147;110m[48;2;214;144;109m▀[38;2;225;147;110m[48;2;214;144;109m▀[38;2;225;147;110m[48;2;214;144;109m▀[38;2;225;147;110m[48;2;214;144;109m▀[38;2;225;147;110m[48;2;214;144;109m▀[38;2;225;147;110m[48;2;214;144;109m▀[38;2;225;147;110m[48;2;214;144;109m▀[38;2;225;147;110m[48;2;214;144;109m▀[38;2;225;147;110m[48;2;214;144;109m▀[38;2;225;147;110m[48;2;214;144;109m▀[38;2;225;147;110m[48;2;214;144;109m▀[38;2;225;147;110m[48;2;214;144;109m▀[38;2;225;147;110m[48;2;214;144;109m▀[38;2;225;147;110m[48;2;214;144;109m▀[38;2;225;147;110m[48;2;214;144;109m▀[38;2;225;147;110m[48;2;214;144;109m▀[38;2;225;147;110m[48;2;214;144;109m▀[38;2;225;147;110m[48;2;214;144;109m▀[0m
[38;2;200;139;108m[48;2;183;133;107m▀[38;2;200;139;108m[48;2;183;133;107m▀[38;2;200;139;108m[48;2;183;133;107m▀[38;2;200;139;108m[48;2;183;133;107m▀[38;2;200;139;108m[48;2;183;133;107m▀[38;2;200;139;108m[48;2;183;133;107m▀[38;2;200;139;108m[48;2;183;133;107m▀[38;2;200;139;108m[48;2;183;133;107m▀[38;2;200;139;108m[48;2;183;133;107m▀[38;2;200;139;108m[48;2;183;133;107m▀[38;2;200;139;108m[48;2;183;133;107m▀[38;2;200;139;108m[48;2;183;133;107m▀[38;2;200;139;108m[48;2;183;133;107m▀[38;2;200;139;108m[48;2;183;133;107m▀[38;2;200;139;108m[48;2;183;133;107m▀[38;2;200;139;108m[48;2;183;133;107m▀[38;2;200;139;108m[48;2;183;133;107m▀[38;2;200;139;108m[48;2;183;133;107m▀[38;2;200;139;108m[48;2;183;133;107m▀[38;2;200;139;108m[48;2;185;135;108m▀[38;2;200;139;108m[48;2;191;142;113m▀[38;2;201;139;108m[48;2;191;142;113m▀[38;2;201;140;109m[48;2;191;142;113m▀[38;2;201;140;109m[48;2;191;142;113m▀[38;2;201;140;109m[48;2;191;142;113m▀[38;2;201;140;109m[48;2;191;142;113m▀[38;2;201;140;109m[48;2;191;142;113m▀[38;2;201;140;109m[48;2;189;140;112m▀[38;2;201;139;108m[48;2;183;133;107m▀[38;2;200;139;108m[48;2;183;133;107m▀[38;2;200;139;108m[48;2;183;133;107m▀[38;2;200;139;108m[48;2;183;133;107m▀[38;2;200;139;108m[48;2;183;133;107m▀[38;2;200;139;108m[48;2;183;133;107m▀[38;2;200;139;108m[48;2;183;133;107m▀[38;2;200;139;108m[48;2;183;133;107m▀[38;2;200;139;108m[48;2;183;133;107m▀[38;2;200;139;108m[48;2;183;133;107m▀[38;2;200;139;108m[48;2;183;133;107m▀[38;2;200;139;108m[48;2;183;133;107m▀[38;2;200;139;108m[48;2;183;133;107m▀[38;2;200;139;108m[48;2;183;133;107m▀[38;2;200;139;108m[48;2;183;133;107m▀[38;2;200;139;108m[48;2;183;133;107m▀[38;2;200;139;108m[48;2;183;133;107m▀[38;2;200;139;108m[48;2;183;133;107m▀[38;2;200;139;108m[48;2;183;133;107m▀[38;2;200;139;108m[48;2;183;133;107m▀[38;2;200;139;108m[48;2;183;133;107m▀[38;2;200;139;108m[48;2;183;133;107m▀[38;2;200;139;108m[48;2;183;133;107m▀[38;2;200;139;108m[48;2;183;133;107m▀[38;2;200;139;108m[48;2;183;133;107m▀[38;2;200;139;108m[48;2;183;133;107m▀[38;2;200;139;108m[48;2;183;133;107m▀[38;2;200;139;108m[48;2;183;133;107m▀[38;2;200;139;108m[48;2;183;133;107m▀[38;2;200;139;108m[48;2;183;133;107m▀[38;2;200;139;108m[48;2;183;133;107m▀[38;2;200;139;108m[48;2;183;133;107m▀[38;2;200;139;108m[48;2;183;133;107m▀[38;2;200;139;108m[48;2;183;133;107m▀[38;2;200;139;108m[48;2;183;133;107m▀[38;2;200;139;108m[48;2;183;133;107m▀[38;2;200;139;108m[48;2;183;133;107m▀[38;2;200;139;108m[48;2;183;133;107m▀[38;2;200;139;108m[48;2;183;133;107m▀[38;2;200;139;108m[48;2;183;133;107m▀[38;2;200;139;108m[48;2;183;133;107m▀[38;2;200;139;108m[48;2;183;133;107m▀[38;2;200;139;108m[48;2;183;133;107m▀[38;2;200;139;108m[48;2;183;133;107m▀[38;2;200;139;108m[48;2;183;133;107m▀[38;2;200;139;108m[48;2;183;133;107m▀[38;2;200;139;108m[48;2;183;133;107m▀[38;2;200;139;108m[48;2;183;133;107m▀[38;2;200;139;108m[48;2;183;133;107m▀[38;2;200;139;108m[48;2;183;133;107m▀[38;2;200;139;108m[48;2;183;133;107m▀[38;2;200;139;108m[48;2;183;133;107m▀[0m
[38;2;164;126;106m[48;2;143;119;104m▀[38;2;164;126;106m[48;2;143;119;104m▀[38;2;164;126;106m[48;2;143;119;104m▀[38;2;164;126;106m[48;2;143;119;104m▀[38;2;164;126;106m[48;2;143;119;104m▀[38;2;164;126;106m[48;2;143;119;104m▀[38;2;164;126;106m[48;2;143;119;104m▀[38;2;164;126;106m[48;2;143;119;104m▀[38;2;164;126;106m[48;2;143;119;104m▀[38;2;164;126;106m[48;2;143;119;104m▀[38;2;164;126;106m[48;2;143;119;104m▀[38;2;164;126;106m[48;2;143;119;104m▀[38;2;164;126;106m[48;2;143;119;104m▀[38;2;164;126;106m[48;2;143;119;104m▀[38;2;164;126;106m[48;2;143;119;104m▀[38;2;164;126;106m[48;2;143;119;104m▀[38;2;164;126;106m[48;2;143;119;104m▀[38;2;164;126;106m[48;2;143;119;104m▀[38;2;167;130;108m[48;2;145;121;105m▀[38;2;187;152;122m[48;2;147;122;107m▀[38;2;192;157;126m[48;2;147;122;107m▀[38;2;192;157;126m[48;2;147;122;107m▀[38;2;192;157;126m[48;2;147;122;107m▀[38;2;192;157;126m[48;2;147;122;107m▀[38;2;192;157;126m[48;2;147;122;107m▀[38;2;192;157;126m[48;2;147;122;107m▀[38;2;192;157;126m[48;2;147;122;107m▀[38;2;183;147;120m[48;2;146;121;106m▀[38;2;164;126;106m[48;2;143;119;104m▀[38;2;164;126;106m[48;2;143;119;104m▀[38;2;164;126;106m[48;2;143;119;104m▀[38;2;164;126;106m[48;2;143;119;104m▀[38;2;164;126;106m[48;2;143;119;104m▀[38;2;164;126;106m[48;2;143;119;104m▀[38;2;164;126;106m[48;2;143;119;104m▀[38;2;164;126;106m[48;2;143;119;104m▀[38;2;164;126;106m[48;2;143;119;104m▀[38;2;164;126;106m[48;2;143;119;104m▀[38;2;164;126;106m[48;2;143;119;104m▀[38;2;164;126;106m[48;2;143;119;104m▀[38;2;164;126;106m[48;2;143;119;104m▀[38;2;164;126;106m[48;2;143;119;104m▀[38;2;164;126;106m[48;2;143;119;104m▀[38;2;164;126;106m[48;2;143;119;104m▀[38;2;164;126;106m[48;2;143;119;104m▀[38;2;164;126;106m[48;2;143;119;104m▀[38;2;164;126;106m[48;2;143;119;104m▀[38;2;164;126;106m[48;2;143;119;104m▀[38;2;164;126;106m[48;2;143;119;104m▀[38;2;164;126;106m[48;2;143;119;104m▀[38;2;164;126;106m[48;2;143;119;104m▀[38;2;164;126;106m[48;2;143;119;104m▀[38;2;164;126;106m[48;2;143;119;104m▀[38;2;164;126;106m[48;2;143;119;104m▀[38;2;164;126;106m[48;2;143;119;104m▀[38;2;164;126;106m[48;2;143;119;104m▀[38;2;164;126;106m[48;2;143;119;104m▀[38;2;164;126;106m[48;2;143;119;104m▀[38;2;164;126;106m[48;2;143;119;104m▀[38;2;164;126;106m[48;2;143;119;104m▀[38;2;164;126;106m[48;2;143;119;104m▀[38;2;164;126;106m[48;2;143;119;104m▀[38;2;164;126;106m[48;2;143;119;104m▀[38;2;164;126;106m[48;2;143;119;104m▀[38;2;164;126;106m[48;2;143;119;104m▀[38;2;164;126;106m[48;2;143;119;104m▀[38;2;164;126;106m[48;2;143;119;104m▀[38;2;164;126;106m[48;2;143;119;104m▀[38;2;164;126;106m[48;2;143;119;104m▀[38;2;164;126;106m[48;2;143;119;104m▀[38;2;164;126;106m[48;2;143;119;104m▀[38;2;164;126;106m[48;2;143;119;104m▀[38;2;164;126;106m[48;2;143;119;104m▀[38;2;164;126;106m[48;2;143;119;104m▀[38;2;164;126;106m[48;2;143;119;104m▀[38;2;164;126;106m[48;2;143;119;104m▀[38;2;164;126;106m[48;2;143;119;104m▀[38;2;164;126;106m[48;2;143;119;104m▀[38;2;164;126;106m[48;2;143;119;104m▀[38;2;164;126;106m[48;2;143;119;104m▀[0m
[38;2;122;111;103m[48;2;101;103;101m▀[38;2;122;111;103m[48;2;101;103;101m▀[38;2;122;111;103m[48;2;101;103;101m▀[38;2;122;111;103m[48;2;101;103;101m▀[38;2;122;111;103m[48;2;101;103;101m▀[38;2;122;111;103m[48;2;101;103;101m▀[38;2;122;111;103m[48;2;101;103;101m▀[38;2;122;111;103m[48;2;101;103;101m▀[38;2;122;111;103m[48;2;101;103;101m▀[38;2;122;111;103m[48;2;101;103;101m▀[38;2;122;111;103m[48;2;101;103;101m▀[38;2;122;111;103m[48;2;101;103;101m▀[38;2;122;111;103m[48;2;101;103;101m▀[38;2;122;111;103m[48;2;101;103;101m▀[38;2;122;111;103m[48;2;101;103;101m▀[38;2;122;111;103m[48;2;101;103;101m▀[38;2;122;111;103m[48;2;101;103;101m▀[38;2;122;111;103m[48;2;101;104;102m▀[38;2;127;116;106m[48;2;119;118;110m▀[38;2;128;116;106m[48;2;123;122;112m▀[38;2;128;116;106m[48;2;123;122;112m▀[38;2;128;116;106m[48;2;123;122;112m▀[38;2;128;116;106m[48;2;123;122;112m▀[38;2;128;116;106m[48;2;123;122;112m▀[38;2;128;116;106m[48;2;123;122;112m▀[38;2;128;116;106m[48;2;123;122;112m▀[38;2;128;116;106m[48;2;123;122;112m▀[38;2;128;116;106m[48;2;123;122;112m▀[38;2;127;115;105m[48;2;123;121;112m▀[38;2;122;111;103m[48;2;114;114;108m▀[38;2;122;111;103m[48;2;102;104;102m▀[38;2;122;111;103m[48;2;101;103;101m▀[38;2;122;111;103m[48;2;101;103;101m▀[38;2;122;111;103m[48;2;101;103;101m▀[38;2;122;111;103m[48;2;101;103;101m▀[38;2;122;111;103m[48;2;101;103;101m▀[38;2;122;111;103m[48;2;101;103;101m▀[38;2;122;111;103m[48;2;101;103;101m▀[38;2;122;111;103m[48;2;101;103;101m▀[38;2;122;111;103m[48;2;101;103;101m▀[38;2;122;111;103m[48;2;101;103;101m▀[38;2;122;111;103m[48;2;101;103;101m▀[38;2;122;111;103m[48;2;101;103;101m▀[38;2;122;111;103m[48;2;101;103;101m▀[38;2;122;111;103m[48;2;101;103;101m▀[38;2;122;111;103m[48;2;101;103;101m▀[38;2;122;111;103m[48;2;101;103;101m▀[38;2;122;111;103m[48;2;101;103;101m▀[38;2;122;111;103m[48;2;101;103;101m▀[38;2;122;111;103m[48;2;101;103;101m▀[38;2;122;111;103m[48;2;101;103;101m▀[38;2;122;111;103m[48;2;101;103;101m▀[38;2;122;111;103m[48;2;101;103;101m▀[38;2;122;111;103m[48;2;101;103;101m▀[38;2;122;111;103m[48;2;101;103;101m▀[38;2;122;111;103m[48;2;101;103;101m▀[38;2;122;111;103m[48;2;101;103;101m▀[38;2;122;111;103m[48;2;101;103;101m▀[38;2;122;111;103m[48;2;101;103;101m▀[38;2;122;111;103m[48;2;101;103;101m▀[38;2;122;111;103m[48;2;101;103;101m▀[38;2;122;111;103m[48;2;101;103;101m▀[38;2;122;111;103m[48;2;101;103;101m▀[38;2;122;111;103m[48;2;101;103;101m▀[38;2;122;111;103m[48;2;101;103;101m▀[38;2;122;111;103m[48;2;101;103;101m▀[38;2;122;111;103m[48;2;101;103;101m▀[38;2;122;111;103m[48;2;101;103;101m▀[38;2;122;111;103m[48;2;101;103;101m▀[38;2;122;111;103m[48;2;101;103;101m▀[38;2;122;111;103m[48;2;101;103;101m▀[38;2;122;111;103m[48;2;101;103;101m▀[38;2;122;111;103m[48;2;101;103;101m▀[38;2;122;111;103m[48;2;101;103;101m▀[38;2;122;111;103m[48;2;101;103;101m▀[38;2;122;111;103m[48;2;101;103;101m▀[38;2;122;111;103m[48;2;101;103;101m▀[38;2;122;111;103m[48;2;101;103;101m▀[38;2;122;111;103m[48;2;101;103;101m▀[38;2;122;111;103m[48;2;101;103;101m▀[0m
[38;2;80;96;100m[48;2;62;90;99m▀[38;2;80;96;100m[48;2;62;90;99m▀[38;2;80;96;100m[48;2;62;90;99m▀[38;2;80;96;100m[48;2;62;90;99m▀[38;2;80;96;100m[48;2;62;90;99m▀[38;2;80;96;100m[48;2;62;90;99m▀[38;2;80;96;100m[48;2;62;90;99m▀[38;2;80;96;100m[48;2;62;90;99m▀[38;2;80;96;100m[48;2;62;90;99m▀[38;2;80;96;100m[48;2;62;90;99m▀[38;2;80;96;100m[48;2;62;90;99m▀[38;2;80;96;100m[48;2;62;90;99m▀[38;2;80;96;100m[48;2;62;90;99m▀[38;2;80;96;100m[48;2;62;90;99m▀[38;2;80;96;100m[48;2;62;90;99m▀[38;2;80;96;100m[48;2;62;90;99m▀[38;2;80;96;100m[48;2;62;90;99m▀[38;2;80;96;100m[48;2;62;90;99m▀[38;2;83;98;101m[48;2;63;91;99m▀[38;2;85;100;102m[48;2;64;91;100m▀[38;2;85;100;102m[48;2;64;91;100m▀[38;2;85;100;102m[48;2;64;91;100m▀[38;2;85;100;102m[48;2;64;91;100m▀[38;2;85;100;102m[48;2;64;91;100m▀[38;2;85;100;102m[48;2;64;91;100m▀[38;2;85;100;102m[48;2;64;91;100m▀[38;2;85;100;102m[48;2;64;91;100m▀[38;2;85;100;102m[48;2;64;91;100m▀[38;2;85;100;102m[48;2;64;91;100m▀[38;2;85;100;102m[48;2;64;91;100m▀[38;2;82;98;101m[48;2;64;91;100m▀[38;2;80;96;100m[48;2;63;90;99m▀[38;2;80;96;100m[48;2;62;90;99m▀[38;2;80;96;100m[48;2;62;90;99m▀[38;2;80;96;100m[48;2;62;90;99m▀[38;2;80;96;100m[48;2;62;90;99m▀[38;2;80;96;100m[48;2;62;90;99m▀[38;2;80;96;100m[48;2;62;90;99m▀[38;2;80;96;100m[48;2;62;90;99m▀[38;2;80;96;100m[48;2;62;90;99m▀[38;2;80;96;100m[48;2;62;90;99m▀[38;2;80;96;100m[48;2;62;90;99m▀[38;2;80;96;100m[48;2;62;90;99m▀[38;2;80;96;100m[48;2;62;90;99m▀[38;2;80;96;100m[48;2;62;90;99m▀[38;2;80;96;100m[48;2;62;90;99m▀[38;2;80;96;100m[48;2;62;90;99m▀[38;2;80;96;100m[48;2;62;90;99m▀[38;2;80;96;100m[48;2;62;90;99m▀[38;2;80;96;100m[48;2;62;90;99m▀[38;2;80;96;100m[48;2;62;90;99m▀[38;2;80;96;100m[48;2;62;90;99m▀[38;2;80;96;100m[48;2;62;90;99m▀[38;2;80;96;100m[48;2;62;90;99m▀[38;2;80;96;100m[48;2;62;90;99m▀[38;2;80;96;100m[48;2;62;90;99m▀[38;2;80;96;100m[48;2;62;90;99m▀[38;2;80;96;100m[48;2;62;90;99m▀[38;2;80;96;100m[48;2;62;90;99m▀[38;2;80;96;100m[48;2;62;90;99m▀[38;2;80;96;100m[48;2;62;90;99m▀[38;2;80;96;100m[48;2;62;90;99m▀[38;2;80;96;100m[48;2;62;90;99m▀[38;2;80;96;100m[48;2;62;90;99m▀[38;2;80;96;100m[48;2;62;90;99m▀[38;2;80;96;100m[48;2;62;90;99m▀[38;2;80;96;100m[48;2;62;90;99m▀[38;2;80;96;100m[48;2;62;90;99m▀[38;2;80;96;100m[48;2;62;90;99m▀[38;2;80;96;100m[48;2;62;90;99m▀[38;2;80;96;100m[48;2;62;90;99m▀[38;2;80;96;100m[48;2;62;90;99m▀[38;2;80;96;100m[48;2;62;90;99m▀[38;2;80;96;100m[48;2;62;90;99m▀[38;2;80;96;100m[48;2;62;90;99m▀[38;2;80;96;100m[48;2;62;90;99m▀[38;2;80;96;100m[48;2;62;90;99m▀[38;2;80;96;100m[48;2;62;90;99m▀[38;2;80;96;100m[48;2;62;90;99m▀[38;2;80;96;100m[48;2;62;90;99m▀[0m
[38;2;45;84;98m[48;2;32;79;97m▀[38;2;45;84;98m[48;2;32;79;97m▀[38;2;45;84;98m[48;2;32;79;97m▀[38;2;45;84;98m[48;2;32;79;97m▀[38;2;45;84;98m[48;2;32;79;97m▀[38;2;45;84;98m[48;2;32;79;97m▀[38;2;45;84;98m[48;2;32;79;97m▀[38;2;45;84;98m[48;2;32;79;97m▀[38;2;45;84;98m[48;2;32;79;97m▀[38;2;45;84;98m[48;2;32;79;97m▀[38;2;45;84;98m[48;2;32;79;97m▀[38;2;45;84;98m[48;2;32;79;97m▀[38;2;45;84;98m[48;2;32;79;97m▀[38;2;45;84;98m[48;2;32;79;97m▀[38;2;45;84;98m[48;2;32;79;97m▀[38;2;45;84;98m[48;2;32;79;97m▀[38;2;45;84;98m[48;2;32;79;97m▀[38;2;47;85;98m[48;2;33;80;97m▀[38;2;52;88;100m[48;2;33;80;97m▀[38;2;53;89;100m[48;2;33;80;97m▀[38;2;53;89;100m[48;2;33;80;97m▀[38;2;53;89;100m[48;2;33;80;97m▀[38;2;53;89;100m[48;2;33;80;97m▀[38;2;53;89;100m[48;2;33;80;97m▀[38;2;53;89;100m[48;2;33;80;97m▀[38;2;53;89;100m[48;2;33;80;97m▀[38;2;53;89;100m[48;2;33;80;97m▀[38;2;53;89;100m[48;2;33;80;97m▀[38;2;53;89;100m[48;2;33;80;97m▀[38;2;53;89;100m[48;2;33;80;97m▀[38;2;53;89;100m[48;2;33;80;97m▀[38;2;51;87;100m[48;2;33;80;97m▀[38;2;45;84;98m[48;2;32;79;97m▀[38;2;45;84;98m[48;2;32;79;97m▀[38;2;45;84;98m[48;2;32;79;97m▀[38;2;45;84;98m[48;2;32;79;97m▀[38;2;45;84;98m[48;2;32;79;97m▀[38;2;45;84;98m[48;2;32;79;97m▀[38;2;45;84;98m[48;2;32;79;97m▀[38;2;45;84;98m[48;2;32;79;97m▀[38;2;45;84;98m[48;2;32;79;97m▀[38;2;45;84;98m[48;2;32;79;97m▀[38;2;45;84;98m[48;2;32;79;97m▀[38;2;45;84;98m[48;2;32;79;97m▀[38;2;45;84;98m[48;2;32;79;97m▀[38;2;45;84;98m[48;2;32;79;97m▀[38;2;45;84;98m[48;2;32;79;97m▀[38;2;45;84;98m[48;2;32;79;97m▀[38;2;45;84;98m[48;2;32;79;97m▀[38;2;45;84;98m[48;2;32;79;97m▀[38;2;45;84;98m[48;2;32;79;97m▀[38;2;45;84;98m[48;2;32;79;97m▀[38;2;45;84;98m[48;2;32;79;97m▀[38;2;45;84;98m[48;2;32;79;97m▀[38;2;45;84;98m[48;2;32;79;97m▀[38;2;45;84;98m[48;2;32;79;97m▀[38;2;45;84;98m[48;2;32;79;97m▀[38;2;45;84;98m[48;2;32;79;97m▀[38;2;45;84;98m[48;2;32;79;97m▀[38;2;45;84;98m[48;2;32;79;97m▀[38;2;45;84;98m[48;2;32;79;97m▀[38;2;45;84;98m[48;2;32;79;97m▀[38;2;45;84;98m[48;2;32;79;97m▀[38;2;45;84;98m[48;2;32;79;97m▀[38;2;45;84;98m[48;2;32;79;97m▀[38;2;45;84;98m[48;2;32;79;97m▀[38;2;45;84;98m[48;2;32;79;97m▀[38;2;45;84;98m[48;2;32;79;97m▀[38;2;45;84;98m[48;2;32;79;97m▀[38;2;45;84;98m[48;2;32;79;97m▀[38;2;45;84;98m[48;2;32;79;97m▀[38;2;45;84;98m[48;2;32;79;97m▀[38;2;45;84;98m[48;2;32;79;97m▀[38;2;45;84;98m[48;2;32;79;97m▀[38;2;45;84;98m[48;2;32;79;97m▀[38;2;45;84;98m[48;2;32;79;97m▀[38;2;45;84;98m[48;2;32;79;97m▀[38;2;45;84;98m[48;2;32;79;97m▀[38;2;45;84;98m[48;2;32;79;97m▀[38;2;45;84;98m[48;2;32;79;97m▀[0m
[38;2;23;76;96m[48;2;43;83;95m▀[38;2;23;76;96m[48;2;43;83;95m▀[38;2;23;76;96m[48;2;43;83;95m▀[38;2;23;76;96m[48;2;43;83;95m▀[38;2;23;76;96m[48;2;43;83;95m▀[38;2;23;76;96m[48;2;43;83;95m▀[38;2;23;76;96m[48;2;43;83;95m▀[38;2;23;76;96m[48;2;43;83;95m▀[38;2;23;76;96m[48;2;43;83;95m▀[38;2;23;76;96m[48;2;43;83;95m▀[38;2;23;76;96m[48;2;43;83;95m▀[38;2;23;76;96m[48;2;43;83;95m▀[38;2;23;76;96m[48;2;43;83;95m▀[38;2;23;76;96m[48;2;43;83;95m▀[38;2;23;76;96m[48;2;43;83;95m▀[38;2;23;76;96m[48;2;43;83;95m▀[38;2;23;76;96m[48;2;43;83;95m▀[38;2;23;76;96m[48;2;43;83;95m▀[38;2;23;76;96m[48;2;43;83;95m▀[38;2;23;76;96m[48;2;43;83;95m▀[38;2;23;76;96m[48;2;43;83;95m▀[38;2;23;76;96m[48;2;43;83;95m▀[38;2;23;76;96m[48;2;43;83;95m▀[38;2;23;76;96m[48;2;43;83;95m▀[38;2;23;76;96m[48;2;43;83;95m▀[38;2;23;76;96m[48;2;43;83;95m▀[38;2;23;76;96m[48;2;43;83;95m▀[38;2;23;76;96m[48;2;43;83;95m▀[38;2;23;76;96m[48;2;43;83;95m▀[38;2;23;76;96m[48;2;43;83;95m▀[38;2;23;76;96m[48;2;43;83;95m▀[38;2;23;76;96m[48;2;43;83;95m▀[38;2;23;76;96m[48;2;43;83;95m▀[38;2;23;76;96m[48;2;43;83;95m▀[38;2;23;76;96m[48;2;43;83;95m▀[38;2;23;76;96m[48;2;43;83;95m▀[38;2;23;76;96m[48;2;43;83;95m▀[38;2;23;76;96m[48;2;43;83;95m▀[38;2;23;76;96m[48;2;43;83;95m▀[38;2;23;76;96m[48;2;43;83;95m▀[38;2;23;76;96m[48;2;43;83;95m▀[38;2;23;76;96m[48;2;43;83;95m▀[38;2;23;76;96m[48;2;43;83;95m▀[38;2;23;76;96m[48;2;43;83;95m▀[38;2;23;76;96m[48;2;43;83;95m▀[38;2;23;76;96m[48;2;43;83;95m▀[38;2;23;76;96m[48;2;43;83;95m▀[38;2;23;76;96m[48;2;43;83;95m▀[38;2;23;76;96m[48;2;43;83;95m▀[38;2;23;76;96m[48;2;43;83;95m▀[38;2;23;76;96m[48;2;43;83;95m▀[38;2;23;76;96m[48;2;43;83;95m▀[38;2;23;76;96m[48;2;43;83;95m▀[38;2;23;76;96m[48;2;43;83;95m▀[38;2;23;76;96m[48;2;43;83;95m▀[38;2;23;76;96m[48;2;43;83;95m▀[38;2;23;76;96m[48;2;43;83;95m▀[38;2;23;76;96m[48;2;43;83;95m▀[38;2;23;76;96m[48;2;43;83;95m▀[38;2;23;76;96m[48;2;43;83;95m▀[38;2;23;76;96m[48;2;43;83;95m▀[38;2;23;76;96m[48;2;43;83;95m▀[38;2;23;76;96m[48;2;43;83;95m▀[38;2;23;76;96m[48;2;43;83;95m▀[38;2;23;76;96m[48;2;43;83;95m▀[38;2;23;76;96m[48;2;43;83;95m▀[38;2;23;76;96m[48;2;43;83;95m▀[38;2;23;76;96m[48;2;43;83;95m▀[38;2;23;76;96m[48;2;43;83;95m▀[38;2;23;76;96m[48;2;43;83;95m▀[38;2;23;76;96m[48;2;43;83;95m▀[38;2;23;76;96m[48;2;43;83;95m▀[38;2;23;76;96m[48;2;43;83;95m▀[38;2;23;76;96m[48;2;43;83;95m▀[38;2;23;76;96m[48;2;43;83;95m▀[38;2;23;76;96m[48;2;43;83;95m▀[38;2;23;76;96m[48;2;43;83;95m▀[38;2;23;76;96m[48;2;43;83;95m▀[38;2;23;76;96m[48;2;43;83;95m▀[38;2;23;76;96m[48;2;43;83;95m▀[0m
[38;2;148;121;94m[48;2;162;133;103m▀[38;2;148;121;94m[48;2;162;133;103m▀[38;2;148;121;94m[48;2;162;133;103m▀[38;2;148;121;94m[48;2;162;133;103m▀[38;2;148;121;94m[48;2;162;133;103m▀[38;2;148;121;94m[48;2;162;133;103m▀[38;2;148;121;94m[48;2;162;133;103m▀[38;2;148;121;94m[48;2;162;133;103m▀[38;2;148;121;94m[48;2;162;133;103m▀[38;2;148;121;94m[48;2;162;133;103m▀[38;2;148;121;94m[48;2;162;133;103m▀[38;2;148;121;94m[48;2;162;133;103m▀[38;2;148;121;94m[48;2;162;133;103m▀[38;2;148;121;94m[48;2;162;133;103m▀[38;2;148;121;94m[48;2;162;133;103m▀[38;2;148;121;94m[48;2;162;133;103m▀[38;2;148;121;94m[48;2;162;133;103m▀[38;2;148;121;94m[48;2;162;133;103m▀[38;2;148;121;94m[48;2;162;133;103m▀[38;2;148;121;94m[48;2;162;133;103m▀[38;2;148;121;94m[48;2;162;133;103m▀[38;2;148;121;94m[48;2;162;133;103m▀[38;2;148;121;94m[48;2;162;133;103m▀[38;2;148;121;94m[48;2;162;133;103m▀[38;2;148;121;94m[48;2;162;133;103m▀[38;2;148;121;94m[48;2;162;133;103m▀[38;2;148;121;94m[48;2;162;133;103m▀[38;2;148;121;94m[48;2;162;133;103m▀[38;2;148;121;94m[48;2;162;133;103m▀[38;2;148;121;94m[48;2;162;133;103m▀[38;2;148;121;94m[48;2;162;133;103m▀[38;2;148;121;94m[48;2;162;133;103m▀[38;2;148;121;94m[48;2;162;133;103m▀[38;2;148;121;94m[48;2;162;133;103m▀[38;2;148;121;94m[48;2;162;133;103m▀[38;2;148;121;94m[48;2;162;133;103m▀[38;2;148;121;94m[48;2;162;133;103m▀[38;2;148;121;94m[48;2;162;133;103m▀[38;2;148;121;94m[48;2;162;133;103m▀[38;2;148;121;94m[48;2;162;133;103m▀[38;2;148;121;94m[48;2;162;133;103m▀[38;2;148;121;94m[48;2;162;133;103m▀[38;2;148;121;94m[48;2;162;133;103m▀[38;2;148;121;94m[48;2;162;133;103m▀[38;2;148;121;94m[48;2;162;133;103m▀[38;2;148;121;94m[48;2;162;133;103m▀[38;2;148;121;94m[48;2;162;133;103m▀[38;2;148;121;94m[48;2;162;133;103m▀[38;2;148;121;94m[48;2;162;133;103m▀[38;2;148;121;94m[48;2;162;133;103m▀[38;2;148;121;94m[48;2;162;133;103m▀[38;2;148;121;94m[48;2;162;133;103m▀[38;2;148;121;94m[48;2;162;133;103m▀[38;2;148;121;94m[48;2;162;133;103m▀[38;2;148;121;94m[48;2;162;133;103m▀[38;2;148;121;94m[48;2;162;133;103m▀[38;2;148;121;94m[48;2;162;133;103m▀[38;2;148;121;94m[48;2;162;133;103m▀[38;2;148;121;94m[48;2;162;133;103m▀[38;2;148;121;94m[48;2;162;133;103m▀[38;2;148;121;94m[48;2;162;133;103m▀[38;2;148;121;94m[48;2;162;133;103m▀[38;2;148;121;94m[48;2;162;133;103m▀[38;2;148;121;94m[48;2;162;133;103m▀[38;2;148;121;94m[48;2;162;133;103m▀[38;2;148;121;94m[48;2;162;133;103m▀[38;2;148;121;94m[48;2;162;133;103m▀[38;2;148;121;94m[48;2;162;133;103m▀[38;2;148;121;94m[48;2;162;133;103m▀[38;2;148;121;94m[48;2;162;133;103m▀[38;2;148;121;94m[48;2;162;133;103m▀[38;2;148;121;94m[48;2;162;133;103m▀[38;2;148;121;94m[48;2;162;133;103m▀[38;2;148;121;94m[48;2;162;133;103m▀[38;2;148;121;94m[48;2;162;133;103m▀[38;2;148;121;94m[48;2;162;133;103m▀[38;2;148;121;94m[48;2;162;133;103m▀[38;2;148;121;94m[48;2;162;133;103m▀[38;2;148;121;94m[48;2;162;133;103m▀[38;2;148;121;94m[48;2;162;133;103m▀[0m
[38;2;176;148;115m[48;2;191;165;129m▀[38;2;176;148;115m[48;2;191;165;129m▀[38;2;176;148;115m[48;2;191;165;129m▀[38;2;176;148;115m[48;2;191;165;129m▀[38;2;176;148;115m[48;2;191;165;129m▀[38;2;176;148;115m[48;2;191;165;129m▀[38;2;176;148;115m[48;2;191;165;129m▀[38;2;176;148;115m[48;2;191;165;129m▀[38;2;176;148;115m[48;2;191;165;129m▀[38;2;176;148;115m[48;2;191;165;129m▀[38;2;176;148;115m[48;2;191;165;129m▀[38;2;176;148;115m[48;2;191;165;129m▀[38;2;176;148;115m[48;2;191;165;129m▀[38;2;176;148;115m[48;2;191;165;129m▀[38;2;176;148;115m[48;2;191;165;129m▀[38;2;176;148;115m[48;2;191;165;129m▀[38;2;176;148;115m[48;2;191;165;129m▀[38;2;176;148;115m[48;2;191;165;129m▀[38;2;176;148;115m[48;2;191;165;129m▀[38;2;176;148;115m[48;2;191;165;129m▀[38;2;176;148;115m[48;2;191;165;129m▀[38;2;176;148;115m[48;2;191;165;129m▀[38;2;176;148;115m[48;2;191;165;129m▀[38;2;176;148;115m[48;2;191;165;129m▀[38;2;176;148;115m[48;2;191;165;129m▀[38;2;176;148;115m[48;2;191;165;129m▀[38;2;176;148;115m[48;2;191;165;129m▀[38;2;176;148;115m[48;2;191;165;129m▀[38;2;176;148;115m[48;2;191;165;129m▀[38;2;176;148;115m[48;2;191;165;129m▀[38;2;176;148;115m[48;2;191;165;129m▀[38;2;176;148;115m[48;2;191;165;129m▀[38;2;176;148;115m[48;2;191;165;129m▀[38;2;176;148;115m[48;2;191;165;129m▀[38;2;176;148;115m[48;2;191;165;129m▀[38;2;176;148;115m[48;2;191;165;129m▀[38;2;176;148;115m[48;2;191;165;129m▀[38;2;176;148;115m[48;2;191;165;129m▀[38;2;176;148;115m[48;2;191;165;129m▀[38;2;176;148;115m[48;2;191;165;129m▀[38;2;176;148;115m[48;2;191;165;129m▀[38;2;176;148;115m[48;2;191;165;129m▀[38;2;176;148;115m[48;2;191;165;129m▀[38;2;176;148;115m[48;2;191;165;129m▀[38;2;176;148;115m[48;2;191;165;129m▀[38;2;176;148;115m[48;2;191;165;129m▀[38;2;176;148;115m[48;2;191;165;129m▀[38;2;176;148;115m[48;2;191;165;129m▀[38;2;176;148;115m[48;2;191;165;129m▀[38;2;176;148;115m[48;2;191;165;129m▀[38;2;176;148;115m[48;2;191;165;129m▀[38;2;176;148;115m[48;2;191;165;129m▀[38;2;176;148;115m[48;2;191;165;129m▀[38;2;176;148;115m[48;2;191;165;129m▀[38;2;176;148;115m[48;2;191;165;129m▀[38;2;176;148;115m[48;2;191;165;129m▀[38;2;176;148;115m[48;2;191;165;129m▀[38;2;176;148;115m[48;2;191;165;129m▀[38;2;176;148;115m[48;2;191;165;129m▀[38;2;176;148;115m[48;2;191;165;129m▀[38;2;176;148;115m[48;2;191;165;129m▀[38;2;176;148;115m[48;2;191;165;129m▀[38;2;176;148;115m[48;2;191;165;129m▀[38;2;176;148;115m[48;2;191;165;129m▀[38;2;176;148;115m[48;2;191;165;129m▀[38;2;176;148;115m[48;2;191;165;129m▀[38;2;176;148;115m[48;2;191;165;129m▀[38;2;176;148;115m[48;2;191;165;129m▀[38;2;176;148;115m[48;2;191;165;129m▀[38;2;176;148;115m[48;2;191;165;129m▀[38;2;176;148;115m[48;2;191;165;129m▀[38;2;176;148;115m[48;2;191;165;129m▀[38;2;176;148;115m[48;2;191;165;129m▀[38;2;176;148;115m[48;2;191;165;129m▀[38;2;176;148;115m[48;2;191;165;129m▀[38;2;176;148;115m[48;2;191;165;129m▀[38;2;176;148;115m[48;2;191;165;129m▀[38;2;176;148;115m[48;2;191;165;129m▀[38;2;176;148;115m[48;2;191;165;129m▀[38;2;176;148;115m[48;2;191;165;129m▀[0m
[38;2;204;179;141m[48;2;212;188;149m▀[38;2;204;179;141m[48;2;212;188;149m▀[38;2;204;179;141m[48;2;212;188;149m▀[38;2;204;179;141m[48;2;212;188;149m▀[38;2;204;179;141m[48;2;212;188;149m▀[38;2;204;179;141m[48;2;212;188;149m▀[38;2;204;179;141m[48;2;212;188;149m▀[38;2;204;179;141m[48;2;212;188;149m▀[38;2;204;179;141m[48;2;212;188;149m▀[38;2;204;179;141m[48;2;212;188;149m▀[38;2;204;179;141m[48;2;212;188;149m▀[38;2;204;179;141m[48;2;212;188;149m▀[38;2;204;179;141m[48;2;212;188;149m▀[38;2;204;179;141m[48;2;212;188;149m▀[38;2;204;179;141m[48;2;212;188;149m▀[38;2;204;179;141m[48;2;212;188;149m▀[38;2;204;179;141m[48;2;212;188;149m▀[38;2;204;179;141m[48;2;212;188;149m▀[38;2;204;179;141m[48;2;212;188;149m▀[38;2;204;179;141m[48;2;212;188;149m▀[38;2;204;179;141m[48;2;212;188;149m▀[38;2;204;179;141m[48;2;212;188;149m▀[38;2;204;179;141m[48;2;212;188;149m▀[38;2;204;179;141m[48;2;212;188;149m▀[38;2;204;179;141m[48;2;212;188;149m▀[38;2;204;179;141m[48;2;212;188;149m▀[38;2;204;179;141m[48;2;212;188;149m▀[38;2;204;179;141m[48;2;212;188;149m▀[38;2;204;179;141m[48;2;212;188;149m▀[38;2;204;179;141m[48;2;212;188;149m▀[38;2;204;179;141m[48;2;212;188;149m▀[38;2;204;179;141m[48;2;212;188;149m▀[38;2;204;179;141m[48;2;212;188;149m▀[38;2;204;179;141m[48;2;212;188;149m▀[38;2;204;179;141m[48;2;212;188;149m▀[38;2;204;179;141m[48;2;212;188;149m▀[38;2;204;179;141m[48;2;212;188;149m▀[38;2;204;179;141m[48;2;212;188;149m▀[38;2;204;179;141m[48;2;212;188;149m▀[38;2;204;179;141m[48;2;212;188;149m▀[38;2;204;179;141m[48;2;212;188;149m▀[38;2;204;179;141m[48;2;212;188;149m▀[38;2;204;179;141m[48;2;212;188;149m▀[38;2;204;179;141m[48;2;212;188;149m▀[38;2;204;179;141m[48;2;212;188;149m▀[38;2;204;179;141m[48;2;212;188;149m▀[38;2;204;179;141m[48;2;212;188;149m▀[38;2;204;179;141m[48;2;212;188;149m▀[38;2;204;179;141m[48;2;212;188;149m▀[38;2;204;179;141m[48;2;212;188;149m▀[38;2;204;179;141m[48;2;212;188;149m▀[38;2;204;179;141m[48;2;212;188;149m▀[38;2;204;179;141m[48;2;212;188;149m▀[38;2;204;179;141m[48;2;212;188;149m▀[38;2;204;179;141m[48;2;212;188;149m▀[38;2;204;179;141m[48;2;212;188;149m▀[38;2;204;179;141m[48;2;212;188;149m▀[38;2;204;179;141m[48;2;212;188;149m▀[38;2;204;179;141m[48;2;212;188;149m▀[38;2;204;179;141m[48;2;212;188;149m▀[38;2;204;179;141m[48;2;212;188;149m▀[38;2;204;179;141m[48;2;212;188;149m▀[38;2;204;179;141m[48;2;212;188;149m▀[38;2;204;179;141m[48;2;212;188;149m▀[38;2;204;179;141m[48;2;212;188;149m▀[38;2;204;179;141m[48;2;212;188;149m▀[38;2;204;179;141m[48;2;212;188;149m▀[38;2;204;179;141m[48;2;212;188;149m▀[38;2;204;179;141m[48;2;212;188;149m▀[38;2;204;179;141m[48;2;212;188;149m▀[38;2;204;179;141m[48;2;212;188;149m▀[38;2;204;179;141m[48;2;212;188;149m▀[38;2;204;179;141m[48;2;212;188;149m▀[38;2;204;179;141m[48;2;212;188;149m▀[38;2;204;179;141m[48;2;212;188;149m▀[38;2;204;179;141m[48;2;212;188;149m▀[38;2;204;179;141m[48;2;212;188;149m▀[38;2;204;179;141m[48;2;212;188;149m▀[38;2;204;179;141m[48;2;212;188;149m▀[38;2;204;179;141m[48;2;212;188;149m▀[0m
